0.000106243 0.00160204 -0.0344707 0.835596 -20.1502 486.022 -11722.7 282749 -6.81982e+06 1.64492e+08 -3.96751e+09 9.56954e+10 -2.30815e+12 5.56719e+13 -1.34279e+15 3.23878e+16 -7.81185e+17 1.8842e+19 -4.54463e+20 1.09615e+22
0.000132576 0.000958516 -0.0189651 0.461586 -11.1292 268.437 -6474.63 156166 -3.76669e+06 9.08516e+07 -2.19132e+09 5.2854e+10 -1.27482e+12 3.07484e+13 -7.41644e+14 1.78883e+16 -4.3146e+17 1.04067e+19 -2.51007e+20 6.05422e+21
0.000129638 0.0010198 -0.0204527 0.497459 -11.9944 289.307 -6978 168307 -4.05953e+06 9.79148e+07 -2.36168e+09 5.69631e+10 -1.37394e+12 3.3139e+13 -7.99303e+14 1.9279e+16 -4.65004e+17 1.12158e+19 -2.70521e+20 6.52491e+21
0.000125483 0.00110993 -0.0226366 0.550122 -13.2647 319.945 -7716.98 186131 -4.48944e+06 1.08284e+08 -2.61179e+09 6.29956e+10 -1.51944e+12 3.66484e+13 -8.8395e+14 2.13206e+16 -5.14248e+17 1.24035e+19 -2.9917e+20 7.2159e+21
0.000119945 0.00123259 -0.0256063 0.621741 -14.9921 361.609 -8721.92 210370 -5.07408e+06 1.22385e+08 -2.95191e+09 7.11992e+10 -1.71731e+12 4.1421e+13 -9.99063e+14 2.40971e+16 -5.81216e+17 1.40188e+19 -3.3813e+20 8.1556e+21
0.000112863 0.00139128 -0.029446 0.714341 -17.2256 415.481 -10021.3 241711 -5.83e+06 1.40618e+08 -3.39167e+09 8.18062e+10 -1.97314e+12 4.75917e+13 -1.1479e+15 2.76871e+16 -6.67804e+17 1.61073e+19 -3.88503e+20 9.37059e+21
0.00010397 0.00159202 -0.0343016 0.831444 -20.0501 483.607 -11664.5 281344 -6.78595e+06 1.63675e+08 -3.9478e+09 9.522e+10 -2.29668e+12 5.53954e+13 -1.33612e+15 3.22269e+16 -7.77304e+17 1.87484e+19 -4.52206e+20 1.09071e+22
9.29926e-05 0.00184092 -0.0403213 0.976622 -23.5518 568.067 -13701.6 330479 -7.97108e+06 1.9226e+08 -4.63727e+09 1.1185e+11 -2.69779e+12 6.50699e+13 -1.56947e+15 3.78552e+16 -9.13057e+17 2.20227e+19 -5.31181e+20 1.2812e+22
7.95322e-05 0.0021471 -0.0477251 1.15518 -27.8586 671.946 -16207.1 390912 -9.4287e+06 2.27418e+08 -5.48526e+09 1.32303e+11 -3.19111e+12 7.69688e+13 -1.85647e+15 4.47775e+16 -1.08002e+18 2.60498e+19 -6.28315e+20 1.51548e+22
6.31596e-05 0.00252025 -0.0567474 1.37277 -33.1069 798.534 -19260.4 464557 -1.1205e+07 2.70261e+08 -6.51863e+09 1.57228e+11 -3.79229e+12 9.1469e+13 -2.20621e+15 5.32132e+16 -1.28349e+18 3.09574e+19 -7.46684e+20 1.80098e+22
4.32935e-05 0.00297366 -0.0677101 1.63716 -39.484 952.347 -22970.4 554039 -1.33633e+07 3.22319e+08 -7.77424e+09 1.87513e+11 -4.52276e+12 1.09088e+14 -2.63117e+15 6.3463e+16 -1.53071e+18 3.69204e+19 -8.9051e+20 2.14789e+22
1.92877e-05 0.00352205 -0.0809682 1.95692 -47.1963 1138.37 -27457.1 662258 -1.59735e+07 3.85277e+08 -9.29277e+09 2.24139e+11 -5.40618e+12 1.30396e+14 -3.14511e+15 7.58592e+16 -1.8297e+18 4.4132e+19 -1.06445e+21 2.56743e+22
-9.69778e-06 0.00418464 -0.0969872 2.34325 -56.5147 1363.12 -32878.2 793013 -1.91273e+07 4.61345e+08 -1.11275e+10 2.68393e+11 -6.47356e+12 1.56141e+14 -3.76607e+15 9.08366e+16 -2.19096e+18 5.28453e+19 -1.27461e+21 3.07434e+22
-4.46183e-05 0.00498322 -0.116294 2.80887 -67.7454 1634 -39411.7 950601 -2.29282e+07 5.53023e+08 -1.33388e+10 3.21728e+11 -7.75999e+12 1.87169e+14 -4.51446e+15 1.08888e+17 -2.62634e+18 6.33467e+19 -1.52791e+21 3.68527e+22
-8.66912e-05 0.0059457 -0.139562 3.37005 -81.2808 1960.47 -47286.1 1.14053e+06 -2.75093e+07 6.63516e+08 -1.60038e+10 3.86008e+11 -9.31042e+12 2.24565e+14 -5.41645e+15 1.30643e+17 -3.15108e+18 7.60032e+19 -1.83318e+21 4.42158e+22
-0.00013733 0.00710438 -0.167573 4.04561 -97.5752 2353.49 -56765.6 1.36917e+06 -3.3024e+07 7.96531e+08 -1.92121e+10 4.63391e+11 -1.11769e+13 2.69583e+14 -6.50228e+15 1.56833e+17 -3.78278e+18 9.12396e+19 -2.20068e+21 5.30797e+22
-0.000198255 0.00849863 -0.201279 4.85851 -117.182 2826.41 -68172.3 1.6443e+06 -3.966e+07 9.5659e+08 -2.30727e+10 5.56507e+11 -1.34228e+13 3.23755e+14 -7.80888e+15 1.88348e+17 -4.54291e+18 1.09574e+20 -2.64289e+21 6.37458e+22
-0.000271507 0.0101751 -0.241808 5.83596 -140.758 3395.05 -81887.8 1.97511e+06 -4.76392e+07 1.14904e+09 -2.77147e+10 6.6847e+11 -1.61233e+13 3.8889e+14 -9.37993e+15 2.26242e+17 -5.45689e+18 1.31619e+20 -3.17461e+21 7.65707e+22
-0.000359586 0.0121911 -0.290542 7.01132 -169.108 4078.83 -98380.4 2.37291e+06 -5.72339e+07 1.38047e+09 -3.32965e+10 8.03103e+11 -1.93706e+13 4.67215e+14 -1.12691e+16 2.71808e+17 -6.55593e+18 1.58127e+20 -3.81399e+21 9.19924e+22
-0.000465399 0.0146159 -0.349153 8.42486 -203.202 4901.18 -118215 2.85132e+06 -6.87731e+07 1.65879e+09 -4.00096e+10 9.6502e+11 -2.3276e+13 5.61412e+14 -1.35411e+16 3.26608e+17 -7.8777e+18 1.90008e+20 -4.58294e+21 1.10539e+23
-0.00058792 0.0174215 -0.416975 10.0606 -242.655 5852.78 -141168 3.40492e+06 -8.21259e+07 1.98085e+09 -4.77777e+10 1.15239e+12 -2.77952e+13 6.70414e+14 -1.61702e+16 3.90021e+17 -9.4072e+18 2.26899e+20 -5.47275e+21 1.32001e+23
-0.000694204 0.0198072 -0.474699 11.4527 -276.233 6662.67 -160702 3.87609e+06 -9.34902e+07 2.25496e+09 -5.4389e+10 1.31185e+12 -3.16414e+13 7.63183e+14 -1.84078e+16 4.43991e+17 -1.07089e+19 2.58297e+20 -6.23005e+21 1.50267e+23
-0.000779176 0.021653 -0.519425 12.5313 -302.248 7290.14 -175836 4.24112e+06 -1.02295e+08 2.46732e+09 -5.95112e+10 1.43539e+12 -3.46213e+13 8.35057e+14 -2.01414e+16 4.85804e+17 -1.17175e+19 2.82622e+20 -6.81678e+21 1.64419e+23
-0.000843096 0.0229707 -0.551434 13.3031 -320.864 7739.17 -186667 4.50235e+06 -1.08596e+08 2.6193e+09 -6.31767e+10 1.52381e+12 -3.67538e+13 8.86492e+14 -2.1382e+16 5.15727e+17 -1.24392e+19 3.0003e+20 -7.23665e+21 1.74546e+23
-0.000886367 0.0237758 -0.571093 13.777 -332.296 8014.88 -193317 4.66275e+06 -1.12464e+08 2.71261e+09 -6.54275e+10 1.57809e+12 -3.80632e+13 9.18074e+14 -2.21437e+16 5.341e+17 -1.28824e+19 3.10719e+20 -7.49446e+21 1.80765e+23
-0.000909457 0.024085 -0.578799 13.9626 -336.773 8122.88 -195922 4.72558e+06 -1.1398e+08 2.74916e+09 -6.6309e+10 1.59936e+12 -3.85761e+13 9.30444e+14 -2.24421e+16 5.41297e+17 -1.30559e+19 3.14906e+20 -7.59545e+21 1.832e+23
-0.000913021 0.0239193 -0.575056 13.8721 -334.589 8070.21 -194651 4.69494e+06 -1.13241e+08 2.73134e+09 -6.58791e+10 1.58899e+12 -3.83259e+13 9.24412e+14 -2.22966e+16 5.37787e+17 -1.29713e+19 3.12864e+20 -7.5462e+21 1.82012e+23
-0.000897836 0.0233026 -0.560431 13.5191 -326.075 7864.85 -189698 4.57547e+06 -1.10359e+08 2.66183e+09 -6.42027e+10 1.54855e+12 -3.73507e+13 9.00889e+14 -2.17292e+16 5.24103e+17 -1.26412e+19 3.04903e+20 -7.35418e+21 1.77381e+23
-0.000864929 0.0222643 -0.535632 12.9207 -311.643 7516.74 -181302 4.37295e+06 -1.05475e+08 2.54402e+09 -6.1361e+10 1.48001e+12 -3.56975e+13 8.61014e+14 -2.07674e+16 5.00905e+17 -1.20817e+19 2.91407e+20 -7.02867e+21 1.6953e+23
-0.000815525 0.0208385 -0.501477 12.0967 -291.767 7037.34 -169739 4.09406e+06 -9.87475e+07 2.38176e+09 -5.74475e+10 1.38562e+12 -3.34208e+13 8.061e+14 -1.94429e+16 4.68958e+17 -1.13112e+19 2.72822e+20 -6.5804e+21 1.58717e+23
-0.000751188 0.0190671 -0.458968 11.0711 -267.032 6440.73 -155349 3.74697e+06 -9.0376e+07 2.17984e+09 -5.25773e+10 1.26815e+12 -3.05874e+13 7.37761e+14 -1.77946e+16 4.29201e+17 -1.03522e+19 2.49693e+20 -6.02253e+21 1.45262e+23
-0.000673784 0.0169985 -0.409274 9.87233 -238.117 5743.32 -138527 3.34125e+06 -8.059e+07 1.94381e+09 -4.68842e+10 1.13083e+12 -2.72754e+13 6.57876e+14 -1.58678e+16 3.82727e+17 -9.23128e+18 2.22656e+20 -5.3704e+21 1.29533e+23
-0.000585695 0.0146935 -0.353856 8.53547 -205.873 4965.6 -119769 2.88879e+06 -6.96769e+07 1.68059e+09 -4.05354e+10 9.77703e+11 -2.35819e+13 5.6879e+14 -1.37191e+16 3.309e+17 -7.98123e+18 1.92505e+20 -4.64317e+21 1.11992e+23
-0.000489752 0.0122227 -0.294415 7.10161 -171.289 4131.44 -99649.1 2.40351e+06 -5.79721e+07 1.39827e+09 -3.37259e+10 8.1346e+11 -1.96205e+13 4.7324e+14 -1.14144e+16 2.75313e+17 -6.64048e+18 1.60167e+20 -3.86318e+21 9.31788e+22
-0.000389461 0.00967234 -0.233031 5.62092 -135.575 3270.03 -78872.2 1.90238e+06 -4.58849e+07 1.10673e+09 -2.66941e+10 6.43854e+11 -1.55296e+13 3.74569e+14 -9.03451e+15 2.1791e+17 -5.25593e+18 1.26772e+20 -3.0577e+21 7.3751e+22
-0.000289028 0.00714468 -0.172168 4.15281 -100.164 2415.94 -58271.8 1.4055e+06 -3.39003e+07 8.17667e+08 -1.97219e+10 4.75687e+11 -1.14735e+13 2.76737e+14 -6.67481e+15 1.60995e+17 -3.88315e+18 9.36606e+19 -2.25907e+21 5.44882e+22
-0.000193645 0.00476461 -0.114839 2.76997 -66.8109 1611.46 -38868 937486 -2.26119e+07 5.45394e+08 -1.31547e+10 3.17289e+11 -7.65293e+12 1.84587e+14 -4.45218e+15 1.07385e+17 -2.59011e+18 6.24727e+19 -1.50683e+21 3.63443e+22
-0.000109423 0.00267776 -0.0645588 1.55717 -37.5584 905.899 -21850.1 527018 -1.27115e+07 3.06599e+08 -7.39508e+09 1.78367e+11 -4.30217e+12 1.03767e+14 -2.50284e+15 6.03679e+16 -1.45606e+18 3.51197e+19 -8.47078e+20 2.04313e+22
-4.39921e-05 0.00106502 -0.0256909 0.619655 -14.9459 360.492 -8694.96 209720 -5.0584e+06 1.22007e+08 -2.94278e+09 7.09791e+10 -1.712e+12 4.12929e+13 -9.95975e+14 2.40226e+16 -5.7942e+17 1.39755e+19 -3.37084e+20 8.13039e+21
-6.31e-06 0.00014016 -0.0033948 0.0818679 -1.97464 47.6279 -1148.77 27708.1 -668312 1.61195e+07 -3.88798e+08 9.37771e+09 -2.26188e+11 5.45559e+12 -1.31587e+14 3.17386e+15 -7.65526e+16 1.84643e+18 -4.45353e+19 1.07418e+21
-2.48199e-06 4.50721e-05 -0.00110112 0.0265457 -0.640287 15.4436 -372.494 8984.47 -216703 5.22682e+06 -1.2607e+08 3.04076e+09 -7.33424e+10 1.769e+12 -4.26678e+13 1.02914e+15 -2.48225e+16 5.98712e+17 -1.44408e+19 3.48308e+20
-4.03812e-06 8.27305e-05 -0.00200951 0.0484555 -1.16875 28.1899 -679.932 16399.8 -395559 9.54077e+06 -2.30121e+08 5.55045e+09 -1.33875e+11 3.22904e+12 -7.78836e+13 1.87853e+15 -4.53097e+16 1.09286e+18 -2.63595e+19 6.35783e+20
-5.7292e-06 0.000123128 -0.00298445 0.0719704 -1.73592 41.8699 -1009.89 24358.3 -587516 1.41707e+07 -3.41794e+08 8.24399e+09 -1.98843e+11 4.79604e+12 -1.15679e+14 2.79015e+15 -6.72977e+16 1.6232e+18 -3.91512e+19 9.44317e+20
-7.60882e-06 0.000167549 -0.00405694 0.0978373 -2.35982 56.9183 -1372.86 33112.9 -798675 1.92638e+07 -4.64638e+08 1.1207e+10 -2.70309e+11 6.51978e+12 -1.57255e+14 3.79296e+15 -9.14851e+16 2.2066e+18 -5.32225e+19 1.28371e+21
-9.74166e-06 0.000217523 -0.00526394 0.126948 -3.06197 73.8539 -1781.34 42965.4 -1.03631e+06 2.49956e+07 -6.02888e+08 1.45415e+10 -3.50737e+11 8.45969e+12 -2.04045e+14 4.92152e+15 -1.18706e+17 2.86315e+18 -6.90585e+19 1.66567e+21
-1.22008e-05 0.000274768 -0.00664687 0.160302 -3.86645 93.2579 -2249.36 54253.9 -1.30859e+06 3.15628e+07 -7.61287e+08 1.8362e+10 -4.42888e+11 1.06823e+13 -2.57655e+14 6.21457e+15 -1.49894e+17 3.6154e+18 -8.72025e+19 2.1033e+21
0.000131315 -0.00319151 0.0769286 -1.85555 44.7554 -1079.49 26037 -628005 1.51473e+07 -3.65349e+08 8.81212e+09 -2.12546e+11 5.12656e+12 -1.23651e+14 2.98243e+15 -7.19355e+16 1.73507e+18 -4.18493e+19 1.0094e+21 -2.43463e+22
0.000719798 -0.0173742 0.419054 -10.1075 243.79 -5880.15 141828 -3.42084e+06 8.25099e+07 -1.99012e+09 4.80011e+10 -1.15777e+12 2.79252e+13 -6.73548e+14 1.62458e+16 -3.91845e+17 9.45119e+18 -2.2796e+20 5.49834e+21 -1.32619e+23
0.00131797 -0.0316265 0.763027 -18.4038 443.895 -10706.6 258241 -6.22871e+06 1.50235e+08 -3.62363e+09 8.74009e+10 -2.10809e+12 5.08465e+13 -1.2264e+15 2.95805e+16 -7.13475e+17 1.72088e+19 -4.15072e+20 1.00114e+22 -2.41473e+23
0.00197714 -0.0471794 1.13854 -27.4607 662.345 -15975.6 385327 -9.29399e+06 2.24169e+08 -5.40689e+09 1.30413e+11 -3.14552e+12 7.58691e+13 -1.82994e+15 4.41377e+16 -1.06459e+18 2.56776e+19 -6.19338e+20 1.49383e+22 -3.60307e+23
0.00257329 -0.0610287 1.47317 -35.5313 857.007 -20670.8 498574 -1.20255e+07 2.90051e+08 -6.99596e+09 1.68741e+11 -4.06998e+12 9.81669e+13 -2.36776e+15 5.71098e+16 -1.37747e+18 3.32243e+19 -8.01361e+20 1.93286e+22 -4.66201e+23
0.00283251 -0.0665686 1.60751 -38.7708 935.145 -22555.4 544031 -1.31219e+07 3.16497e+08 -7.63381e+09 1.84126e+11 -4.44106e+12 1.07117e+14 -2.58364e+15 6.23167e+16 -1.50306e+18 3.62535e+19 -8.74424e+20 2.10909e+22 -5.08707e+23
0.00321884 -0.0751159 1.81444 -43.7612 1055.51 -25458.7 614057 -1.48109e+07 3.57235e+08 -8.61641e+09 2.07825e+11 -5.0127e+12 1.20905e+14 -2.91619e+15 7.03378e+16 -1.69653e+18 4.09199e+19 -9.86976e+20 2.38056e+22 -5.74185e+23
0.0037145 -0.0862141 2.08299 -50.2378 1211.73 -29226.5 704935 -1.70029e+07 4.10104e+08 -9.89161e+09 2.38583e+11 -5.75456e+12 1.38798e+14 -3.34778e+15 8.07477e+16 -1.94761e+18 4.69759e+19 -1.13305e+21 2.73288e+22 -6.59163e+23
0.00434644 -0.100487 2.42822 -58.5636 1412.54 -34070.2 821764 -1.98207e+07 4.78071e+08 -1.15309e+10 2.78123e+11 -6.70826e+12 1.61801e+14 -3.90261e+15 9.41299e+16 -2.27039e+18 5.47612e+19 -1.32083e+21 3.1858e+22 -7.68406e+23
0.00514192 -0.118557 2.86521 -69.1024 1666.74 -40201.3 969644 -2.33876e+07 5.64102e+08 -1.3606e+10 3.28173e+11 -7.91544e+12 1.90918e+14 -4.6049e+15 1.11069e+17 -2.67896e+18 6.46157e+19 -1.55851e+21 3.7591e+22 -9.06684e+23
0.00616044 -0.141721 3.42534 -82.6113 1992.57 -48060.2 1.1592e+06 -2.79596e+07 6.74378e+08 -1.62658e+10 3.92327e+11 -9.46284e+12 2.28241e+14 -5.50512e+15 1.32782e+17 -3.20267e+18 7.72474e+19 -1.86319e+21 4.49396e+22 -1.08393e+24
0.00731341 -0.167979 4.06028 -97.9242 2361.91 -56968.7 1.37407e+06 -3.31422e+07 7.99382e+08 -1.92809e+10 4.6505e+11 -1.12169e+13 2.70548e+14 -6.52555e+15 1.57395e+17 -3.79632e+18 9.15661e+19 -2.20855e+21 5.32697e+22 -1.28485e+24
0.0087251 -0.200194 4.83916 -116.709 2814.99 -67896.9 1.63766e+06 -3.94998e+07 9.52726e+08 -2.29795e+10 5.54259e+11 -1.33686e+13 3.22447e+14 -7.77733e+15 1.87587e+17 -4.52455e+18 1.09131e+20 -2.63221e+21 6.34883e+22 -1.53132e+24
0.0104318 -0.239177 5.78166 -139.44 3363.26 -81120.9 1.95661e+06 -4.7193e+07 1.13828e+09 -2.74551e+10 6.6221e+11 -1.59723e+13 3.85248e+14 -9.29208e+15 2.24123e+17 -5.40578e+18 1.30386e+20 -3.14488e+21 7.58536e+22 -1.82957e+24
0.0124911 -0.286248 6.91965 -166.885 4025.24 -97087.6 2.34173e+06 -5.64819e+07 1.36233e+09 -3.2859e+10 7.9255e+11 -1.91161e+13 4.61075e+14 -1.1121e+16 2.68236e+17 -6.46978e+18 1.56049e+20 -3.76387e+21 9.07836e+22 -2.18968e+24
0.0149728 -0.342997 8.29161 -199.973 4823.31 -116337 2.80602e+06 -6.76804e+07 1.63243e+09 -3.93739e+10 9.49688e+11 -2.29062e+13 5.52492e+14 -1.3326e+16 3.21419e+17 -7.75253e+18 1.86989e+20 -4.51013e+21 1.08783e+23 -2.62382e+24
0.0181071 -0.414877 10.0291 -241.877 5834.04 -140716 3.39402e+06 -8.18629e+07 1.97451e+09 -4.76247e+10 1.1487e+12 -2.77062e+13 6.68267e+14 -1.61184e+16 3.88772e+17 -9.37709e+18 2.26173e+20 -5.45523e+21 1.31579e+23 -3.17364e+24
0.0222942 -0.511395 12.3617 -298.135 7190.96 -173444 4.18343e+06 -1.00903e+08 2.43376e+09 -5.87016e+10 1.41587e+12 -3.41503e+13 8.23697e+14 -1.98674e+16 4.79196e+17 -1.15581e+19 2.78778e+20 -6.72404e+21 1.62182e+23 -3.91179e+24
0.0272207 -0.624691 15.1 -364.176 8783.87 -211865 5.11012e+06 -1.23255e+08 2.97287e+09 -7.17049e+10 1.7295e+12 -4.17152e+13 1.00616e+15 -2.42683e+16 5.85345e+17 -1.41184e+19 3.40531e+20 -8.21352e+21 1.98108e+23 -4.77831e+24
0.0330841 -0.759413 18.356 -442.703 10677.9 -257549 6.212e+06 -1.49832e+08 3.61391e+09 -8.71665e+10 2.10243e+12 -5.07101e+13 1.22311e+15 -2.95012e+16 7.11561e+17 -1.71627e+19 4.13959e+20 -9.98458e+21 2.40826e+23 -5.80865e+24
0.0398691 -0.915254 22.1238 -533.572 12869.7 -310413 7.48708e+06 -1.80586e+08 4.3557e+09 -1.05058e+11 2.53398e+12 -6.11189e+13 1.47417e+15 -3.55566e+16 8.57616e+17 -2.06855e+19 4.98928e+20 -1.2034e+22 2.90257e+23 -7.00093e+24
0.0472171 -1.08211 26.1582 -630.871 15216.5 -367018 8.85237e+06 -2.13517e+08 5.14997e+09 -1.24216e+11 2.99606e+12 -7.22641e+13 1.74299e+15 -4.20405e+16 1.01401e+18 -2.44575e+19 5.8991e+20 -1.42285e+22 3.43187e+23 -8.27758e+24
0.0570483 -1.30777 31.6135 -762.44 18389.9 -443560 1.06985e+07 -2.58046e+08 6.224e+09 -1.50121e+11 3.62089e+12 -8.73349e+13 2.10649e+15 -5.08081e+16 1.22548e+18 -2.95582e+19 7.12936e+20 -1.71958e+22 4.14759e+23 -1.00039e+25
0.0679744 -1.55662 37.6304 -907.55 21890 -527980 1.27347e+07 -3.07158e+08 7.40858e+09 -1.78693e+11 4.31003e+12 -1.03957e+14 2.50741e+15 -6.04781e+16 1.45872e+18 -3.51838e+19 8.48625e+20 -2.04686e+22 4.93697e+23 -1.19079e+25
0.082124 -1.88087 45.4687 -1096.59 26449.6 -637957 1.53873e+07 -3.71139e+08 8.95177e+09 -2.15914e+11 5.2078e+12 -1.25611e+14 3.0297e+15 -7.30755e+16 1.76256e+18 -4.25125e+19 1.02539e+21 -2.47322e+22 5.96533e+23 -1.43882e+25
0.09858 -2.25739 54.571 -1316.11 31744.5 -765668 1.84677e+07 -4.45436e+08 1.07438e+10 -2.59138e+11 6.25034e+12 -1.50756e+14 3.63621e+15 -8.77043e+16 2.11541e+18 -5.1023e+19 1.23066e+21 -2.96832e+22 7.15952e+23 -1.72686e+25
0.118375 -2.71036 65.5215 -1580.21 38114.5 -919312 2.21736e+07 -5.3482e+08 1.28997e+10 -3.11138e+11 7.50457e+12 -1.81008e+14 4.36587e+15 -1.05304e+17 2.5399e+18 -6.12616e+19 1.47761e+21 -3.56397e+22 8.5962e+23 -2.07338e+25
0.142178 -3.25512 78.6912 -1897.83 45775.4 -1.10409e+06 2.66304e+07 -6.42318e+08 1.54925e+10 -3.73676e+11 9.01297e+12 -2.1739e+14 5.2434e+15 -1.26469e+17 3.05041e+18 -7.35751e+19 1.77461e+21 -4.28032e+22 1.0324e+24 -2.49012e+25
0.170798 -3.91014 94.5262 -2279.74 54986.8 -1.32627e+06 3.19892e+07 -7.71572e+08 1.86101e+10 -4.48871e+11 1.08266e+13 -2.61136e+14 6.29853e+15 -1.51919e+17 3.66424e+18 -8.83806e+19 2.13172e+21 -5.14164e+22 1.24015e+24 -2.99121e+25
0.205202 -4.6976 113.563 -2738.86 66060.7 -1.59337e+06 3.84316e+07 -9.2696e+08 2.2358e+10 -5.3927e+11 1.3007e+13 -3.13727e+14 7.567e+15 -1.82514e+17 4.40219e+18 -1.0618e+20 2.56103e+21 -6.17713e+22 1.48991e+24 -3.59362e+25
0.246557 -5.6442 136.447 -3290.76 79372.5 -1.91444e+06 4.61759e+07 -1.11375e+09 2.68634e+10 -6.47937e+11 1.56281e+13 -3.76945e+14 9.09182e+15 -2.19292e+17 5.28927e+18 -1.27576e+20 3.0771e+21 -7.42187e+22 1.79014e+24 -4.31776e+25
0.296265 -6.78202 163.953 -3954.14 95373.2 -2.30038e+06 5.54845e+07 -1.33827e+09 3.22788e+10 -7.78555e+11 1.87785e+13 -4.52934e+14 1.09246e+16 -2.63499e+17 6.35554e+18 -1.53294e+20 3.69741e+21 -8.91805e+22 2.15101e+24 -5.18818e+25
0.356157 -8.15315 197.1 -4753.55 114655 -2.76545e+06 6.67018e+07 -1.60883e+09 3.88046e+10 -9.35956e+11 2.2575e+13 -5.44503e+14 1.31333e+16 -3.16771e+17 7.64044e+18 -1.84285e+20 4.44492e+21 -1.0721e+23 2.58588e+24 -6.23708e+25
0.428557 -9.81115 237.181 -5720.21 137970 -3.32781e+06 8.02659e+07 -1.93599e+09 4.66956e+10 -1.12629e+12 2.71657e+13 -6.5523e+14 1.5804e+16 -3.81188e+17 9.19415e+18 -2.21761e+20 5.34881e+21 -1.29012e+23 3.11173e+24 -7.50541e+25
0.515464 -11.8011 285.287 -6880.41 165954 -4.00277e+06 9.65459e+07 -2.32866e+09 5.61667e+10 -1.35473e+12 3.26756e+13 -7.88128e+14 1.90094e+16 -4.58502e+17 1.1059e+19 -2.66739e+20 6.43368e+21 -1.55179e+23 3.74287e+24 -9.0277e+25
0.619857 -14.1913 343.069 -8273.96 199567 -4.81349e+06 1.161e+08 -2.80031e+09 6.75426e+10 -1.62911e+12 3.92937e+13 -9.47754e+14 2.28596e+16 -5.51367e+17 1.32988e+19 -3.20764e+20 7.73675e+21 -1.86608e+23 4.50095e+24 -1.08562e+26
0.745062 -17.058 412.37 -9945.34 239880 -5.78584e+06 1.39553e+08 -3.36598e+09 8.11865e+10 -1.9582e+12 4.72312e+13 -1.1392e+15 2.74773e+16 -6.62745e+17 1.59852e+19 -3.8556e+20 9.2996e+21 -2.24304e+23 5.41015e+24 -1.30491e+26
0.894736 -20.4829 495.162 -11942.1 288042 -6.94749e+06 1.67572e+08 -4.04178e+09 9.74868e+10 -2.35136e+12 5.67141e+13 -1.36793e+15 3.29941e+16 -7.95809e+17 1.91947e+19 -4.62971e+20 1.11667e+22 -2.69339e+23 6.49638e+24 -1.56691e+26
1.07563 -24.6302 595.373 -14359 346337 -8.35355e+06 2.01485e+08 -4.85977e+09 1.17216e+11 -2.82723e+12 6.81921e+13 -1.64477e+15 3.96715e+16 -9.56867e+17 2.30794e+19 -5.56668e+20 1.34267e+22 -3.23848e+23 7.81114e+24 -1.88403e+26
1.28649 -29.496 712.965 -17195 414741 -1.00035e+07 2.41281e+08 -5.81962e+09 1.40368e+11 -3.38564e+12 8.16606e+13 -1.96963e+15 4.7507e+16 -1.14586e+18 2.76378e+19 -6.66616e+20 1.60786e+22 -3.87812e+23 9.35391e+24 -2.25614e+26
1.33341 -30.3498 733.875 -17699.1 426899 -1.02967e+07 2.48353e+08 -5.99021e+09 1.44482e+11 -3.48488e+12 8.40543e+13 -2.02737e+15 4.88996e+16 -1.17945e+18 2.84479e+19 -6.86156e+20 1.65499e+22 -3.99179e+23 9.6281e+24 -2.32227e+26
1.09594 -24.3043 588.375 -14189.3 342244 -8.25483e+06 1.99104e+08 -4.80235e+09 1.15831e+11 -2.79382e+12 6.73862e+13 -1.62534e+15 3.92027e+16 -9.4556e+17 2.28066e+19 -5.5009e+20 1.3268e+22 -3.20022e+23 7.71883e+24 -1.86176e+26
0.71025 -17.254 416.104 -10036.4 242074 -5.83877e+06 1.4083e+08 -3.39677e+09 8.19292e+10 -1.97611e+12 4.76633e+13 -1.14963e+15 2.77287e+16 -6.68808e+17 1.61315e+19 -3.89087e+20 9.38468e+21 -2.26356e+23 5.45965e+24 -1.31685e+26
0.369028 -8.80092 212.427 -5123.52 123578 -2.98067e+06 7.1893e+07 -1.73404e+09 4.18246e+10 -1.0088e+12 2.4332e+13 -5.86881e+14 1.41554e+16 -3.41425e+17 8.23507e+18 -1.98628e+20 4.79085e+21 -1.15554e+23 2.78713e+24 -6.72249e+25
0.160957 -3.65611 88.4147 -2132.31 51431 -1.2405e+06 2.99206e+07 -7.21677e+08 1.74067e+10 -4.19844e+11 1.01265e+13 -2.44249e+14 5.89123e+15 -1.42095e+17 3.42729e+18 -8.26653e+19 1.99387e+21 -4.80915e+22 1.15996e+24 -2.79778e+25
0.200496 -4.57034 110.506 -2665.1 64281.8 -1.55046e+06 3.73967e+07 -9.01998e+08 2.1756e+10 -5.24748e+11 1.26568e+13 -3.05278e+14 7.36323e+15 -1.77599e+17 4.28365e+18 -1.0332e+20 2.49206e+21 -6.01079e+22 1.44979e+24 -3.49685e+25
0.242671 -5.5391 133.922 -3229.85 77903.4 -1.87901e+06 4.53212e+07 -1.09314e+09 2.63661e+10 -6.35944e+11 1.53388e+13 -3.69968e+14 8.92353e+15 -2.15233e+17 5.19137e+18 -1.25214e+20 3.02014e+21 -7.2845e+22 1.757e+24 -4.23784e+25
0.293056 -6.69522 161.868 -3903.84 94160 -2.27111e+06 5.47787e+07 -1.32125e+09 3.18681e+10 -7.68651e+11 1.85397e+13 -4.47172e+14 1.07857e+16 -2.60147e+17 6.27469e+18 -1.51344e+20 3.65037e+21 -8.8046e+22 2.12365e+24 -5.12218e+25
0.353507 -8.08147 195.378 -4712.01 113653 -2.74128e+06 6.61189e+07 -1.59477e+09 3.84655e+10 -9.27777e+11 2.23777e+13 -5.39745e+14 1.30185e+16 -3.14003e+17 7.57367e+18 -1.82675e+20 4.40607e+21 -1.06273e+23 2.56328e+24 -6.18257e+25
0.426369 -9.75195 235.759 -5685.9 137143 -3.30785e+06 7.97846e+07 -1.92438e+09 4.64156e+10 -1.11953e+12 2.70028e+13 -6.51301e+14 1.57092e+16 -3.78902e+17 9.13902e+18 -2.20431e+20 5.31673e+21 -1.28238e+23 3.09307e+24 -7.4604e+25
0.513657 -11.7522 284.113 -6852.08 165271 -3.98629e+06 9.61484e+07 -2.31907e+09 5.59354e+10 -1.34915e+12 3.25411e+13 -7.84883e+14 1.89312e+16 -4.56615e+17 1.10134e+19 -2.65641e+20 6.40719e+21 -1.5454e+23 3.72746e+24 -8.99053e+25
0.618365 -14.151 342.099 -8250.57 199002 -4.79988e+06 1.15772e+08 -2.79239e+09 6.73517e+10 -1.6245e+12 3.91826e+13 -9.45075e+14 2.2795e+16 -5.49808e+17 1.32612e+19 -3.19857e+20 7.71488e+21 -1.86081e+23 4.48822e+24 -1.08255e+26
0.74383 -17.0246 411.569 -9926.02 239414 -5.7746e+06 1.39282e+08 -3.35944e+09 8.10288e+10 -1.95439e+12 4.71395e+13 -1.13699e+15 2.74239e+16 -6.61458e+17 1.59542e+19 -3.84811e+20 9.28154e+21 -2.23868e+23 5.39964e+24 -1.30238e+26
0.893719 -20.4554 494.501 -11926.2 287657 -6.93821e+06 1.67348e+08 -4.03639e+09 9.73566e+10 -2.34821e+12 5.66383e+13 -1.3661e+15 3.295e+16 -7.94746e+17 1.91691e+19 -4.62353e+20 1.11518e+22 -2.68979e+23 6.4877e+24 -1.56482e+26
1.07479 -24.6074 594.827 -14345.8 346019 -8.34588e+06 2.01301e+08 -4.85532e+09 1.17109e+11 -2.82464e+12 6.81295e+13 -1.64327e+15 3.96351e+16 -9.55989e+17 2.30582e+19 -5.56158e+20 1.34144e+22 -3.23551e+23 7.80397e+24 -1.8823e+26
1.28579 -29.4773 712.514 -17184.2 414479 -9.99712e+06 2.41128e+08 -5.81594e+09 1.40279e+11 -3.38349e+12 8.1609e+13 -1.96839e+15 4.7477e+16 -1.14513e+18 2.76203e+19 -6.66194e+20 1.60684e+22 -3.87566e+23 9.348e+24 -2.25471e+26
1.33284 -30.3343 733.503 -17690.1 426682 -1.02915e+07 2.48227e+08 -5.98718e+09 1.44409e+11 -3.48311e+12 8.40117e+13 -2.02634e+15 4.88748e+16 -1.17885e+18 2.84335e+19 -6.85808e+20 1.65415e+22 -3.98977e+23 9.62322e+24 -2.32109e+26
1.09547 -24.2915 588.068 -14181.9 342065 -8.25052e+06 1.99e+08 -4.79984e+09 1.15771e+11 -2.79236e+12 6.7351e+13 -1.62449e+15 3.91822e+16 -9.45065e+17 2.27947e+19 -5.49803e+20 1.32611e+22 -3.19854e+23 7.7148e+24 -1.86079e+26
0.70986 -17.2435 415.85 -10030.2 241927 -5.8352e+06 1.40744e+08 -3.3947e+09 8.18792e+10 -1.97491e+12 4.76342e+13 -1.14892e+15 2.77118e+16 -6.684e+17 1.61216e+19 -3.8885e+20 9.37895e+21 -2.26218e+23 5.45632e+24 -1.31605e+26
0.368706 -8.7922 212.217 -5118.47 123456 -2.97773e+06 7.18221e+07 -1.73233e+09 4.17834e+10 -1.0078e+12 2.4308e+13 -5.86302e+14 1.41414e+16 -3.41088e+17 8.22695e+18 -1.98432e+20 4.78612e+21 -1.1544e+23 2.78438e+24 -6.71586e+25
0.160691 -3.64891 88.2416 -2128.14 51330.4 -1.23807e+06 2.9862e+07 -7.20264e+08 1.73726e+10 -4.19022e+11 1.01067e+13 -2.43771e+14 5.87969e+15 -1.41817e+17 3.42058e+18 -8.25035e+19 1.98996e+21 -4.79974e+22 1.15768e+24 -2.7923e+25
0.200277 -4.56439 110.363 -2661.65 64198.7 -1.54845e+06 3.73483e+07 -9.00832e+08 2.17278e+10 -5.24069e+11 1.26404e+13 -3.04883e+14 7.35371e+15 -1.7737e+17 4.27811e+18 -1.03187e+20 2.48884e+21 -6.00301e+22 1.44791e+24 -3.49232e+25
0.24249 -5.53419 133.804 -3227 77834.7 -1.87735e+06 4.52813e+07 -1.09217e+09 2.63429e+10 -6.35384e+11 1.53253e+13 -3.69642e+14 8.91567e+15 -2.15044e+17 5.1868e+18 -1.25104e+20 3.01748e+21 -7.27808e+22 1.75545e+24 -4.23411e+25
0.292907 -6.69116 161.771 -3901.49 94103.3 -2.26975e+06 5.47457e+07 -1.32045e+09 3.18489e+10 -7.68188e+11 1.85285e+13 -4.46903e+14 1.07792e+16 -2.59991e+17 6.27091e+18 -1.51253e+20 3.64818e+21 -8.7993e+22 2.12237e+24 -5.1191e+25
0.353384 -8.07812 195.297 -4710.07 113606 -2.74015e+06 6.60917e+07 -1.59411e+09 3.84496e+10 -9.27395e+11 2.23685e+13 -5.39523e+14 1.30132e+16 -3.13874e+17 7.57055e+18 -1.826e+20 4.40426e+21 -1.0623e+23 2.56223e+24 -6.18003e+25
0.426267 -9.74919 235.692 -5684.3 137104 -3.30692e+06 7.97621e+07 -1.92384e+09 4.64025e+10 -1.11922e+12 2.69952e+13 -6.51118e+14 1.57048e+16 -3.78795e+17 9.13644e+18 -2.20369e+20 5.31523e+21 -1.28202e+23 3.0922e+24 -7.4583e+25
0.513573 -11.7499 284.058 -6850.76 165239 -3.98552e+06 9.61298e+07 -2.31863e+09 5.59246e+10 -1.34889e+12 3.25348e+13 -7.84731e+14 1.89275e+16 -4.56527e+17 1.10113e+19 -2.6559e+20 6.40595e+21 -1.5451e+23 3.72674e+24 -8.9888e+25
0.618296 -14.1491 342.054 -8249.48 198976 -4.79925e+06 1.15757e+08 -2.79202e+09 6.73428e+10 -1.62429e+12 3.91774e+13 -9.4495e+14 2.27919e+16 -5.49736e+17 1.32595e+19 -3.19815e+20 7.71386e+21 -1.86056e+23 4.48763e+24 -1.0824e+26
0.743772 -17.0231 411.532 -9925.12 239392 -5.77407e+06 1.39269e+08 -3.35913e+09 8.10214e+10 -1.95422e+12 4.71352e+13 -1.13689e+15 2.74214e+16 -6.61398e+17 1.59527e+19 -3.84776e+20 9.2807e+21 -2.23848e+23 5.39915e+24 -1.30226e+26
0.893671 -20.4541 494.47 -11925.4 287639 -6.93778e+06 1.67337e+08 -4.03613e+09 9.73505e+10 -2.34807e+12 5.66348e+13 -1.36602e+15 3.2948e+16 -7.94696e+17 1.91679e+19 -4.62324e+20 1.11511e+22 -2.68962e+23 6.4873e+24 -1.56472e+26
1.07475 -24.6064 594.802 -14345.2 346004 -8.34553e+06 2.01292e+08 -4.85511e+09 1.17104e+11 -2.82452e+12 6.81266e+13 -1.6432e+15 3.96334e+16 -9.55948e+17 2.30572e+19 -5.56134e+20 1.34138e+22 -3.23537e+23 7.80364e+24 -1.88222e+26
1.28576 -29.4764 712.493 -17183.7 414467 -9.99683e+06 2.41121e+08 -5.81577e+09 1.40275e+11 -3.38339e+12 8.16066e+13 -1.96833e+15 4.74756e+16 -1.1451e+18 2.76195e+19 -6.66174e+20 1.6068e+22 -3.87555e+23 9.34772e+24 -2.25465e+26
1.33282 -30.3336 733.486 -17689.7 426672 -1.02912e+07 2.48221e+08 -5.98703e+09 1.44406e+11 -3.48303e+12 8.40097e+13 -2.02629e+15 4.88736e+16 -1.17882e+18 2.84328e+19 -6.85792e+20 1.65411e+22 -3.98967e+23 9.62299e+24 -2.32104e+26
1.09544 -24.2909 588.054 -14181.5 342057 -8.25032e+06 1.98996e+08 -4.79972e+09 1.15768e+11 -2.79229e+12 6.73494e+13 -1.62445e+15 3.91813e+16 -9.45042e+17 2.27942e+19 -5.49789e+20 1.32608e+22 -3.19846e+23 7.71461e+24 -1.86074e+26
0.709842 -17.243 415.838 -10029.9 241920 -5.83504e+06 1.4074e+08 -3.3946e+09 8.18769e+10 -1.97485e+12 4.76329e+13 -1.14889e+15 2.7711e+16 -6.68381e+17 1.61212e+19 -3.88839e+20 9.37869e+21 -2.26211e+23 5.45616e+24 -1.31601e+26
0.368691 -8.79179 212.208 -5118.23 123451 -2.97759e+06 7.18188e+07 -1.73225e+09 4.17814e+10 -1.00776e+12 2.43068e+13 -5.86275e+14 1.41408e+16 -3.41072e+17 8.22657e+18 -1.98423e+20 4.7859e+21 -1.15435e+23 2.78426e+24 -6.71555e+25
0.160679 -3.64857 88.2336 -2127.94 51325.7 -1.23796e+06 2.98593e+07 -7.20199e+08 1.7371e+10 -4.18984e+11 1.01058e+13 -2.43749e+14 5.87916e+15 -1.41804e+17 3.42027e+18 -8.2496e+19 1.98978e+21 -4.7993e+22 1.15758e+24 -2.79205e+25
0.200267 -4.56411 110.356 -2661.49 64194.8 -1.54836e+06 3.73461e+07 -9.00777e+08 2.17265e+10 -5.24038e+11 1.26397e+13 -3.04865e+14 7.35327e+15 -1.77359e+17 4.27785e+18 -1.03181e+20 2.48869e+21 -6.00265e+22 1.44782e+24 -3.49211e+25
0.242482 -5.53396 133.799 -3226.87 77831.5 -1.87728e+06 4.52794e+07 -1.09213e+09 2.63418e+10 -6.35358e+11 1.53247e+13 -3.69627e+14 8.9153e+15 -2.15035e+17 5.18658e+18 -1.25099e+20 3.01736e+21 -7.27778e+22 1.75538e+24 -4.23394e+25
0.2929 -6.69098 161.766 -3901.38 94100.7 -2.26968e+06 5.47442e+07 -1.32041e+09 3.18481e+10 -7.68167e+11 1.8528e+13 -4.4689e+14 1.07789e+16 -2.59984e+17 6.27073e+18 -1.51248e+20 3.64807e+21 -8.79906e+22 2.12231e+24 -5.11895e+25
0.353378 -8.07796 195.294 -4709.98 113604 -2.7401e+06 6.60905e+07 -1.59408e+09 3.84489e+10 -9.27377e+11 2.23681e+13 -5.39513e+14 1.30129e+16 -3.13868e+17 7.57041e+18 -1.82596e+20 4.40417e+21 -1.06228e+23 2.56218e+24 -6.17991e+25
0.426262 -9.74906 235.689 -5684.23 137103 -3.30688e+06 7.9761e+07 -1.92382e+09 4.64019e+10 -1.1192e+12 2.69949e+13 -6.51109e+14 1.57046e+16 -3.7879e+17 9.13632e+18 -2.20366e+20 5.31516e+21 -1.282e+23 3.09216e+24 -7.4582e+25
0.513569 -11.7498 284.055 -6850.7 165238 -3.98549e+06 9.61289e+07 -2.3186e+09 5.59241e+10 -1.34888e+12 3.25345e+13 -7.84724e+14 1.89273e+16 -4.56523e+17 1.10112e+19 -2.65587e+20 6.4059e+21 -1.54509e+23 3.72671e+24 -8.98872e+25
0.618292 -14.149 342.052 -8249.43 198975 -4.79922e+06 1.15756e+08 -2.792e+09 6.73424e+10 -1.62428e+12 3.91772e+13 -9.44944e+14 2.27918e+16 -5.49732e+17 1.32594e+19 -3.19813e+20 7.71381e+21 -1.86055e+23 4.4876e+24 -1.0824e+26
0.74377 -17.023 411.53 -9925.07 239391 -5.77405e+06 1.39269e+08 -3.35912e+09 8.10211e+10 -1.95421e+12 4.7135e+13 -1.13688e+15 2.74213e+16 -6.61395e+17 1.59527e+19 -3.84774e+20 9.28066e+21 -2.23847e+23 5.39913e+24 -1.30226e+26
0.893669 -20.4541 494.469 -11925.4 287638 -6.93776e+06 1.67337e+08 -4.03612e+09 9.73502e+10 -2.34806e+12 5.66346e+13 -1.36601e+15 3.29479e+16 -7.94694e+17 1.91678e+19 -4.62322e+20 1.11511e+22 -2.68961e+23 6.48728e+24 -1.56472e+26
1.07475 -24.6063 594.801 -14345.2 346003 -8.34551e+06 2.01292e+08 -4.8551e+09 1.17104e+11 -2.82451e+12 6.81264e+13 -1.64319e+15 3.96334e+16 -9.55946e+17 2.30572e+19 -5.56133e+20 1.34138e+22 -3.23537e+23 7.80362e+24 -1.88221e+26
1.28576 -29.4764 712.492 -17183.6 414466 -9.99681e+06 2.41121e+08 -5.81576e+09 1.40275e+11 -3.38339e+12 8.16065e+13 -1.96833e+15 4.74755e+16 -1.1451e+18 2.76194e+19 -6.66174e+20 1.60679e+22 -3.87554e+23 9.34771e+24 -2.25464e+26
1.33281 -30.3336 733.485 -17689.6 426671 -1.02912e+07 2.48221e+08 -5.98703e+09 1.44406e+11 -3.48302e+12 8.40096e+13 -2.02629e+15 4.88736e+16 -1.17882e+18 2.84328e+19 -6.85791e+20 1.65411e+22 -3.98967e+23 9.62298e+24 -2.32104e+26
1.09544 -24.2909 588.053 -14181.5 342056 -8.25031e+06 1.98995e+08 -4.79971e+09 1.15768e+11 -2.79229e+12 6.73493e+13 -1.62445e+15 3.91812e+16 -9.45041e+17 2.27941e+19 -5.49789e+20 1.32608e+22 -3.19846e+23 7.7146e+24 -1.86074e+26
0.709841 -17.243 415.837 -10029.9 241919 -5.83503e+06 1.40739e+08 -3.3946e+09 8.18768e+10 -1.97485e+12 4.76328e+13 -1.14889e+15 2.77109e+16 -6.68381e+17 1.61212e+19 -3.88838e+20 9.37868e+21 -2.26211e+23 5.45615e+24 -1.31601e+26
0.36869 -8.79177 212.207 -5118.22 123450 -2.97759e+06 7.18187e+07 -1.73225e+09 4.17813e+10 -1.00776e+12 2.43068e+13 -5.86273e+14 1.41408e+16 -3.41071e+17 8.22655e+18 -1.98422e+20 4.78589e+21 -1.15434e+23 2.78425e+24 -6.71554e+25
0.160678 -3.64855 88.2332 -2127.93 51325.5 -1.23796e+06 2.98592e+07 -7.20196e+08 1.73709e+10 -4.18982e+11 1.01057e+13 -2.43748e+14 5.87913e+15 -1.41803e+17 3.42025e+18 -8.24956e+19 1.98977e+21 -4.79928e+22 1.15757e+24 -2.79204e+25
0.200266 -4.5641 110.356 -2661.49 64194.6 -1.54836e+06 3.7346e+07 -9.00775e+08 2.17265e+10 -5.24036e+11 1.26396e+13 -3.04864e+14 7.35325e+15 -1.77358e+17 4.27784e+18 -1.0318e+20 2.48868e+21 -6.00264e+22 1.44782e+24 -3.4921e+25
0.242481 -5.53395 133.798 -3226.86 77831.4 -1.87727e+06 4.52793e+07 -1.09213e+09 2.63418e+10 -6.35357e+11 1.53246e+13 -3.69626e+14 8.91529e+15 -2.15034e+17 5.18657e+18 -1.25099e+20 3.01735e+21 -7.27777e+22 1.75538e+24 -4.23393e+25
0.292899 -6.69097 161.766 -3901.38 94100.5 -2.26968e+06 5.47441e+07 -1.32041e+09 3.1848e+10 -7.68166e+11 1.8528e+13 -4.46889e+14 1.07789e+16 -2.59983e+17 6.27073e+18 -1.51248e+20 3.64807e+21 -8.79905e+22 2.12231e+24 -5.11895e+25
0.353378 -8.07796 195.294 -4709.98 113604 -2.7401e+06 6.60904e+07 -1.59408e+09 3.84489e+10 -9.27376e+11 2.23681e+13 -5.39512e+14 1.30129e+16 -3.13868e+17 7.5704e+18 -1.82596e+20 4.40417e+21 -1.06227e+23 2.56218e+24 -6.17991e+25
0.426262 -9.74906 235.689 -5684.22 137103 -3.30688e+06 7.9761e+07 -1.92381e+09 4.64019e+10 -1.1192e+12 2.69948e+13 -6.51109e+14 1.57046e+16 -3.7879e+17 9.13632e+18 -2.20366e+20 5.31516e+21 -1.282e+23 3.09216e+24 -7.4582e+25
0.513569 -11.7498 284.055 -6850.7 165238 -3.98549e+06 9.61289e+07 -2.3186e+09 5.59241e+10 -1.34888e+12 3.25345e+13 -7.84724e+14 1.89273e+16 -4.56522e+17 1.10112e+19 -2.65587e+20 6.40589e+21 -1.54508e+23 3.7267e+24 -8.98871e+25
0.618292 -14.149 342.052 -8249.43 198975 -4.79922e+06 1.15756e+08 -2.792e+09 6.73423e+10 -1.62428e+12 3.91772e+13 -9.44944e+14 2.27918e+16 -5.49732e+17 1.32594e+19 -3.19813e+20 7.71381e+21 -1.86055e+23 4.4876e+24 -1.0824e+26
0.74377 -17.023 411.53 -9925.07 239391 -5.77405e+06 1.39269e+08 -3.35912e+09 8.10211e+10 -1.95421e+12 4.7135e+13 -1.13688e+15 2.74213e+16 -6.61395e+17 1.59527e+19 -3.84774e+20 9.28066e+21 -2.23847e+23 5.39913e+24 -1.30226e+26
0.893669 -20.4541 494.469 -11925.4 287638 -6.93776e+06 1.67337e+08 -4.03612e+09 9.73502e+10 -2.34806e+12 5.66346e+13 -1.36601e+15 3.29479e+16 -7.94694e+17 1.91678e+19 -4.62322e+20 1.11511e+22 -2.68961e+23 6.48728e+24 -1.56471e+26
1.07475 -24.6063 594.8 -14345.2 346003 -8.34551e+06 2.01291e+08 -4.8551e+09 1.17104e+11 -2.82451e+12 6.81264e+13 -1.64319e+15 3.96334e+16 -9.55946e+17 2.30572e+19 -5.56133e+20 1.34138e+22 -3.23537e+23 7.80362e+24 -1.88221e+26
1.28576 -29.4764 712.492 -17183.6 414466 -9.99681e+06 2.41121e+08 -5.81576e+09 1.40275e+11 -3.38339e+12 8.16064e+13 -1.96833e+15 4.74755e+16 -1.1451e+18 2.76194e+19 -6.66174e+20 1.60679e+22 -3.87554e+23 9.34771e+24 -2.25464e+26
1.33281 -30.3336 733.485 -17689.6 426671 -1.02912e+07 2.48221e+08 -5.98703e+09 1.44406e+11 -3.48302e+12 8.40096e+13 -2.02629e+15 4.88736e+16 -1.17882e+18 2.84328e+19 -6.85791e+20 1.65411e+22 -3.98967e+23 9.62298e+24 -2.32104e+26
1.09544 -24.2909 588.053 -14181.5 342056 -8.25031e+06 1.98995e+08 -4.79971e+09 1.15768e+11 -2.79229e+12 6.73493e+13 -1.62445e+15 3.91812e+16 -9.45041e+17 2.27941e+19 -5.49789e+20 1.32608e+22 -3.19846e+23 7.7146e+24 -1.86074e+26
0.709841 -17.243 415.837 -10029.9 241919 -5.83503e+06 1.40739e+08 -3.3946e+09 8.18768e+10 -1.97485e+12 4.76328e+13 -1.14889e+15 2.77109e+16 -6.6838e+17 1.61212e+19 -3.88838e+20 9.37868e+21 -2.26211e+23 5.45615e+24 -1.31601e+26
0.36869 -8.79177 212.207 -5118.22 123450 -2.97759e+06 7.18186e+07 -1.73225e+09 4.17813e+10 -1.00775e+12 2.43068e+13 -5.86273e+14 1.41408e+16 -3.41071e+17 8.22655e+18 -1.98422e+20 4.78589e+21 -1.15434e+23 2.78425e+24 -6.71554e+25
0.160678 -3.64855 88.2332 -2127.93 51325.4 -1.23796e+06 2.98592e+07 -7.20195e+08 1.73709e+10 -4.18982e+11 1.01057e+13 -2.43748e+14 5.87913e+15 -1.41803e+17 3.42025e+18 -8.24956e+19 1.98977e+21 -4.79928e+22 1.15757e+24 -2.79204e+25
0.200266 -4.5641 110.356 -2661.49 64194.6 -1.54836e+06 3.7346e+07 -9.00775e+08 2.17264e+10 -5.24036e+11 1.26396e+13 -3.04864e+14 7.35325e+15 -1.77358e+17 4.27784e+18 -1.0318e+20 2.48868e+21 -6.00263e+22 1.44782e+24 -3.4921e+25
0.242481 -5.53395 133.798 -3226.86 77831.4 -1.87727e+06 4.52793e+07 -1.09213e+09 2.63418e+10 -6.35357e+11 1.53246e+13 -3.69626e+14 8.91529e+15 -2.15034e+17 5.18657e+18 -1.25099e+20 3.01735e+21 -7.27777e+22 1.75538e+24 -4.23393e+25
0.292899 -6.69097 161.766 -3901.38 94100.5 -2.26968e+06 5.47441e+07 -1.32041e+09 3.1848e+10 -7.68166e+11 1.8528e+13 -4.46889e+14 1.07789e+16 -2.59983e+17 6.27073e+18 -1.51248e+20 3.64807e+21 -8.79904e+22 2.12231e+24 -5.11895e+25
0.353377 -8.07796 195.294 -4709.98 113604 -2.7401e+06 6.60904e+07 -1.59408e+09 3.84489e+10 -9.27376e+11 2.23681e+13 -5.39512e+14 1.30129e+16 -3.13868e+17 7.5704e+18 -1.82596e+20 4.40417e+21 -1.06227e+23 2.56218e+24 -6.17991e+25
0.426262 -9.74906 235.689 -5684.22 137103 -3.30688e+06 7.9761e+07 -1.92381e+09 4.64019e+10 -1.1192e+12 2.69948e+13 -6.51109e+14 1.57046e+16 -3.7879e+17 9.13632e+18 -2.20366e+20 5.31516e+21 -1.282e+23 3.09216e+24 -7.4582e+25
0.513569 -11.7498 284.055 -6850.7 165238 -3.98549e+06 9.61289e+07 -2.3186e+09 5.59241e+10 -1.34887e+12 3.25345e+13 -7.84724e+14 1.89273e+16 -4.56522e+17 1.10112e+19 -2.65587e+20 6.40589e+21 -1.54508e+23 3.7267e+24 -8.98871e+25
0.618292 -14.149 342.052 -8249.43 198975 -4.79922e+06 1.15756e+08 -2.792e+09 6.73423e+10 -1.62428e+12 3.91772e+13 -9.44944e+14 2.27918e+16 -5.49732e+17 1.32594e+19 -3.19813e+20 7.71381e+21 -1.86055e+23 4.4876e+24 -1.0824e+26
0.74377 -17.023 411.53 -9925.07 239391 -5.77405e+06 1.39269e+08 -3.35912e+09 8.10211e+10 -1.95421e+12 4.7135e+13 -1.13688e+15 2.74213e+16 -6.61395e+17 1.59527e+19 -3.84774e+20 9.28066e+21 -2.23847e+23 5.39913e+24 -1.30226e+26
0.893669 -20.4541 494.469 -11925.4 287638 -6.93776e+06 1.67337e+08 -4.03612e+09 9.73502e+10 -2.34806e+12 5.66346e+13 -1.36601e+15 3.29479e+16 -7.94694e+17 1.91678e+19 -4.62322e+20 1.11511e+22 -2.68961e+23 6.48728e+24 -1.56471e+26
1.07475 -24.6063 594.8 -14345.2 346003 -8.34551e+06 2.01291e+08 -4.8551e+09 1.17104e+11 -2.82451e+12 6.81264e+13 -1.64319e+15 3.96334e+16 -9.55946e+17 2.30572e+19 -5.56133e+20 1.34138e+22 -3.23537e+23 7.80362e+24 -1.88221e+26
1.28576 -29.4764 712.492 -17183.6 414466 -9.99681e+06 2.41121e+08 -5.81576e+09 1.40275e+11 -3.38339e+12 8.16064e+13 -1.96833e+15 4.74755e+16 -1.1451e+18 2.76194e+19 -6.66174e+20 1.60679e+22 -3.87554e+23 9.34771e+24 -2.25464e+26
1.33281 -30.3336 733.485 -17689.6 426671 -1.02912e+07 2.48221e+08 -5.98703e+09 1.44406e+11 -3.48302e+12 8.40096e+13 -2.02629e+15 4.88736e+16 -1.17882e+18 2.84328e+19 -6.85791e+20 1.65411e+22 -3.98967e+23 9.62298e+24 -2.32104e+26
1.09544 -24.2909 588.053 -14181.5 342056 -8.25031e+06 1.98995e+08 -4.79971e+09 1.15768e+11 -2.79229e+12 6.73493e+13 -1.62445e+15 3.91812e+16 -9.45041e+17 2.27941e+19 -5.49789e+20 1.32608e+22 -3.19846e+23 7.7146e+24 -1.86074e+26
0.709841 -17.243 415.837 -10029.9 241919 -5.83503e+06 1.40739e+08 -3.3946e+09 8.18768e+10 -1.97485e+12 4.76328e+13 -1.14889e+15 2.77109e+16 -6.6838e+17 1.61212e+19 -3.88838e+20 9.37868e+21 -2.26211e+23 5.45615e+24 -1.31601e+26
0.36869 -8.79177 212.207 -5118.22 123450 -2.97759e+06 7.18186e+07 -1.73225e+09 4.17813e+10 -1.00775e+12 2.43068e+13 -5.86273e+14 1.41408e+16 -3.41071e+17 8.22655e+18 -1.98422e+20 4.78589e+21 -1.15434e+23 2.78425e+24 -6.71554e+25
0.160678 -3.64855 88.2332 -2127.93 51325.4 -1.23796e+06 2.98592e+07 -7.20195e+08 1.73709e+10 -4.18982e+11 1.01057e+13 -2.43748e+14 5.87913e+15 -1.41803e+17 3.42025e+18 -8.24956e+19 1.98977e+21 -4.79928e+22 1.15757e+24 -2.79204e+25
0.200266 -4.5641 110.356 -2661.49 64194.6 -1.54836e+06 3.7346e+07 -9.00775e+08 2.17264e+10 -5.24036e+11 1.26396e+13 -3.04864e+14 7.35325e+15 -1.77358e+17 4.27784e+18 -1.0318e+20 2.48868e+21 -6.00263e+22 1.44782e+24 -3.4921e+25
0.242481 -5.53395 133.798 -3226.86 77831.4 -1.87727e+06 4.52793e+07 -1.09213e+09 2.63418e+10 -6.35357e+11 1.53246e+13 -3.69626e+14 8.91529e+15 -2.15034e+17 5.18657e+18 -1.25099e+20 3.01735e+21 -7.27777e+22 1.75538e+24 -4.23393e+25
0.292899 -6.69097 161.766 -3901.38 94100.5 -2.26968e+06 5.47441e+07 -1.32041e+09 3.1848e+10 -7.68166e+11 1.8528e+13 -4.46889e+14 1.07789e+16 -2.59983e+17 6.27073e+18 -1.51248e+20 3.64807e+21 -8.79904e+22 2.12231e+24 -5.11895e+25
0.353377 -8.07796 195.294 -4709.98 113604 -2.7401e+06 6.60904e+07 -1.59408e+09 3.84489e+10 -9.27376e+11 2.23681e+13 -5.39512e+14 1.30129e+16 -3.13868e+17 7.5704e+18 -1.82596e+20 4.40417e+21 -1.06227e+23 2.56218e+24 -6.17991e+25
0.426262 -9.74906 235.689 -5684.22 137103 -3.30688e+06 7.9761e+07 -1.92381e+09 4.64019e+10 -1.1192e+12 2.69948e+13 -6.51109e+14 1.57046e+16 -3.7879e+17 9.13632e+18 -2.20366e+20 5.31516e+21 -1.282e+23 3.09216e+24 -7.4582e+25
0.513569 -11.7498 284.055 -6850.7 165238 -3.98549e+06 9.61289e+07 -2.3186e+09 5.59241e+10 -1.34887e+12 3.25345e+13 -7.84724e+14 1.89273e+16 -4.56522e+17 1.10112e+19 -2.65587e+20 6.40589e+21 -1.54508e+23 3.7267e+24 -8.98871e+25
0.618292 -14.149 342.052 -8249.43 198975 -4.79922e+06 1.15756e+08 -2.792e+09 6.73423e+10 -1.62428e+12 3.91772e+13 -9.44944e+14 2.27918e+16 -5.49732e+17 1.32594e+19 -3.19813e+20 7.71381e+21 -1.86055e+23 4.4876e+24 -1.0824e+26
0.74377 -17.023 411.53 -9925.07 239391 -5.77405e+06 1.39269e+08 -3.35912e+09 8.10211e+10 -1.95421e+12 4.7135e+13 -1.13688e+15 2.74213e+16 -6.61395e+17 1.59527e+19 -3.84774e+20 9.28066e+21 -2.23847e+23 5.39913e+24 -1.30226e+26
0.893669 -20.4541 494.469 -11925.4 287638 -6.93776e+06 1.67337e+08 -4.03612e+09 9.73502e+10 -2.34806e+12 5.66346e+13 -1.36601e+15 3.29479e+16 -7.94694e+17 1.91678e+19 -4.62322e+20 1.11511e+22 -2.68961e+23 6.48728e+24 -1.56471e+26
1.07475 -24.6063 594.8 -14345.2 346003 -8.34551e+06 2.01291e+08 -4.8551e+09 1.17104e+11 -2.82451e+12 6.81264e+13 -1.64319e+15 3.96334e+16 -9.55946e+17 2.30572e+19 -5.56133e+20 1.34138e+22 -3.23537e+23 7.80362e+24 -1.88221e+26
1.28576 -29.4764 712.492 -17183.6 414466 -9.99681e+06 2.41121e+08 -5.81576e+09 1.40275e+11 -3.38339e+12 8.16064e+13 -1.96833e+15 4.74755e+16 -1.1451e+18 2.76194e+19 -6.66174e+20 1.60679e+22 -3.87554e+23 9.34771e+24 -2.25464e+26
1.33281 -30.3336 733.485 -17689.6 426671 -1.02912e+07 2.48221e+08 -5.98703e+09 1.44406e+11 -3.48302e+12 8.40096e+13 -2.02629e+15 4.88736e+16 -1.17882e+18 2.84328e+19 -6.85791e+20 1.65411e+22 -3.98967e+23 9.62298e+24 -2.32104e+26
1.09544 -24.2909 588.053 -14181.5 342056 -8.25031e+06 1.98995e+08 -4.79971e+09 1.15768e+11 -2.79229e+12 6.73493e+13 -1.62445e+15 3.91812e+16 -9.45041e+17 2.27941e+19 -5.49789e+20 1.32608e+22 -3.19846e+23 7.7146e+24 -1.86074e+26
0.709841 -17.243 415.837 -10029.9 241919 -5.83503e+06 1.40739e+08 -3.3946e+09 8.18768e+10 -1.97485e+12 4.76328e+13 -1.14889e+15 2.77109e+16 -6.6838e+17 1.61212e+19 -3.88838e+20 9.37868e+21 -2.26211e+23 5.45615e+24 -1.31601e+26
0.36869 -8.79177 212.207 -5118.22 123450 -2.97759e+06 7.18186e+07 -1.73225e+09 4.17813e+10 -1.00775e+12 2.43068e+13 -5.86273e+14 1.41408e+16 -3.41071e+17 8.22655e+18 -1.98422e+20 4.78589e+21 -1.15434e+23 2.78425e+24 -6.71554e+25
0.160678 -3.64855 88.2332 -2127.93 51325.4 -1.23796e+06 2.98592e+07 -7.20195e+08 1.73709e+10 -4.18982e+11 1.01057e+13 -2.43748e+14 5.87913e+15 -1.41803e+17 3.42025e+18 -8.24956e+19 1.98977e+21 -4.79928e+22 1.15757e+24 -2.79204e+25
0.200266 -4.5641 110.356 -2661.49 64194.6 -1.54836e+06 3.7346e+07 -9.00775e+08 2.17264e+10 -5.24036e+11 1.26396e+13 -3.04864e+14 7.35325e+15 -1.77358e+17 4.27784e+18 -1.0318e+20 2.48868e+21 -6.00263e+22 1.44782e+24 -3.4921e+25
0.242481 -5.53395 133.798 -3226.86 77831.4 -1.87727e+06 4.52793e+07 -1.09213e+09 2.63418e+10 -6.35357e+11 1.53246e+13 -3.69626e+14 8.91529e+15 -2.15034e+17 5.18657e+18 -1.25099e+20 3.01735e+21 -7.27777e+22 1.75538e+24 -4.23393e+25
0.292899 -6.69097 161.766 -3901.38 94100.5 -2.26968e+06 5.47441e+07 -1.32041e+09 3.1848e+10 -7.68166e+11 1.8528e+13 -4.46889e+14 1.07789e+16 -2.59983e+17 6.27073e+18 -1.51248e+20 3.64807e+21 -8.79904e+22 2.12231e+24 -5.11895e+25
0.353377 -8.07796 195.294 -4709.98 113604 -2.7401e+06 6.60904e+07 -1.59408e+09 3.84489e+10 -9.27376e+11 2.23681e+13 -5.39512e+14 1.30129e+16 -3.13868e+17 7.5704e+18 -1.82596e+20 4.40417e+21 -1.06227e+23 2.56218e+24 -6.17991e+25
0.426262 -9.74906 235.689 -5684.22 137103 -3.30688e+06 7.9761e+07 -1.92381e+09 4.64019e+10 -1.1192e+12 2.69948e+13 -6.51109e+14 1.57046e+16 -3.7879e+17 9.13632e+18 -2.20366e+20 5.31516e+21 -1.282e+23 3.09216e+24 -7.4582e+25
0.513569 -11.7498 284.055 -6850.7 165238 -3.98549e+06 9.61289e+07 -2.3186e+09 5.59241e+10 -1.34887e+12 3.25345e+13 -7.84724e+14 1.89273e+16 -4.56522e+17 1.10112e+19 -2.65587e+20 6.40589e+21 -1.54508e+23 3.7267e+24 -8.98871e+25
0.618292 -14.149 342.052 -8249.43 198975 -4.79922e+06 1.15756e+08 -2.792e+09 6.73423e+10 -1.62428e+12 3.91772e+13 -9.44944e+14 2.27918e+16 -5.49732e+17 1.32594e+19 -3.19813e+20 7.71381e+21 -1.86055e+23 4.4876e+24 -1.0824e+26
0.74377 -17.023 411.53 -9925.07 239391 -5.77405e+06 1.39269e+08 -3.35912e+09 8.10211e+10 -1.95421e+12 4.7135e+13 -1.13688e+15 2.74213e+16 -6.61395e+17 1.59527e+19 -3.84774e+20 9.28066e+21 -2.23847e+23 5.39913e+24 -1.30226e+26
0.893669 -20.4541 494.469 -11925.4 287638 -6.93776e+06 1.67337e+08 -4.03612e+09 9.73502e+10 -2.34806e+12 5.66346e+13 -1.36601e+15 3.29479e+16 -7.94694e+17 1.91678e+19 -4.62322e+20 1.11511e+22 -2.68961e+23 6.48728e+24 -1.56471e+26
1.07475 -24.6063 594.8 -14345.2 346003 -8.34551e+06 2.01291e+08 -4.8551e+09 1.17104e+11 -2.82451e+12 6.81264e+13 -1.64319e+15 3.96334e+16 -9.55946e+17 2.30572e+19 -5.56133e+20 1.34138e+22 -3.23537e+23 7.80362e+24 -1.88221e+26
1.28576 -29.4764 712.492 -17183.6 414466 -9.99681e+06 2.41121e+08 -5.81576e+09 1.40275e+11 -3.38339e+12 8.16064e+13 -1.96833e+15 4.74755e+16 -1.1451e+18 2.76194e+19 -6.66174e+20 1.60679e+22 -3.87554e+23 9.34771e+24 -2.25464e+26
1.33281 -30.3336 733.485 -17689.6 426671 -1.02912e+07 2.48221e+08 -5.98703e+09 1.44406e+11 -3.48302e+12 8.40096e+13 -2.02629e+15 4.88736e+16 -1.17882e+18 2.84328e+19 -6.85791e+20 1.65411e+22 -3.98967e+23 9.62298e+24 -2.32104e+26
1.09544 -24.2909 588.053 -14181.5 342056 -8.25031e+06 1.98995e+08 -4.79971e+09 1.15768e+11 -2.79229e+12 6.73493e+13 -1.62445e+15 3.91812e+16 -9.45041e+17 2.27941e+19 -5.49789e+20 1.32608e+22 -3.19846e+23 7.7146e+24 -1.86074e+26
0.709841 -17.243 415.837 -10029.9 241919 -5.83503e+06 1.40739e+08 -3.3946e+09 8.18768e+10 -1.97485e+12 4.76328e+13 -1.14889e+15 2.77109e+16 -6.6838e+17 1.61212e+19 -3.88838e+20 9.37868e+21 -2.26211e+23 5.45615e+24 -1.31601e+26
0.36869 -8.79177 212.207 -5118.22 123450 -2.97759e+06 7.18186e+07 -1.73225e+09 4.17813e+10 -1.00775e+12 2.43068e+13 -5.86273e+14 1.41408e+16 -3.41071e+17 8.22655e+18 -1.98422e+20 4.78589e+21 -1.15434e+23 2.78425e+24 -6.71554e+25
0.160678 -3.64855 88.2332 -2127.93 51325.4 -1.23796e+06 2.98592e+07 -7.20195e+08 1.73709e+10 -4.18982e+11 1.01057e+13 -2.43748e+14 5.87913e+15 -1.41803e+17 3.42025e+18 -8.24956e+19 1.98977e+21 -4.79928e+22 1.15757e+24 -2.79204e+25
0.200266 -4.5641 110.356 -2661.49 64194.6 -1.54836e+06 3.7346e+07 -9.00775e+08 2.17264e+10 -5.24036e+11 1.26396e+13 -3.04864e+14 7.35325e+15 -1.77358e+17 4.27784e+18 -1.0318e+20 2.48868e+21 -6.00263e+22 1.44782e+24 -3.4921e+25
0.242481 -5.53395 133.798 -3226.86 77831.4 -1.87727e+06 4.52793e+07 -1.09213e+09 2.63418e+10 -6.35357e+11 1.53246e+13 -3.69626e+14 8.91529e+15 -2.15034e+17 5.18657e+18 -1.25099e+20 3.01735e+21 -7.27777e+22 1.75538e+24 -4.23393e+25
0.292899 -6.69097 161.766 -3901.38 94100.5 -2.26968e+06 5.47441e+07 -1.32041e+09 3.1848e+10 -7.68166e+11 1.8528e+13 -4.46889e+14 1.07789e+16 -2.59983e+17 6.27073e+18 -1.51248e+20 3.64807e+21 -8.79904e+22 2.12231e+24 -5.11895e+25
0.353377 -8.07796 195.294 -4709.98 113604 -2.7401e+06 6.60904e+07 -1.59408e+09 3.84489e+10 -9.27376e+11 2.23681e+13 -5.39512e+14 1.30129e+16 -3.13868e+17 7.5704e+18 -1.82596e+20 4.40417e+21 -1.06227e+23 2.56218e+24 -6.17991e+25
0.426262 -9.74906 235.689 -5684.22 137103 -3.30688e+06 7.9761e+07 -1.92381e+09 4.64019e+10 -1.1192e+12 2.69948e+13 -6.51109e+14 1.57046e+16 -3.7879e+17 9.13632e+18 -2.20366e+20 5.31516e+21 -1.282e+23 3.09216e+24 -7.4582e+25
0.513569 -11.7498 284.055 -6850.7 165238 -3.98549e+06 9.61289e+07 -2.3186e+09 5.59241e+10 -1.34887e+12 3.25345e+13 -7.84724e+14 1.89273e+16 -4.56522e+17 1.10112e+19 -2.65587e+20 6.40589e+21 -1.54508e+23 3.7267e+24 -8.98871e+25
0.618292 -14.149 342.052 -8249.43 198975 -4.79922e+06 1.15756e+08 -2.792e+09 6.73423e+10 -1.62428e+12 3.91772e+13 -9.44944e+14 2.27918e+16 -5.49732e+17 1.32594e+19 -3.19813e+20 7.71381e+21 -1.86055e+23 4.4876e+24 -1.0824e+26
0.74377 -17.023 411.53 -9925.07 239391 -5.77405e+06 1.39269e+08 -3.35912e+09 8.10211e+10 -1.95421e+12 4.7135e+13 -1.13688e+15 2.74213e+16 -6.61395e+17 1.59527e+19 -3.84774e+20 9.28066e+21 -2.23847e+23 5.39913e+24 -1.30226e+26
0.893669 -20.4541 494.469 -11925.4 287638 -6.93776e+06 1.67337e+08 -4.03612e+09 9.73502e+10 -2.34806e+12 5.66346e+13 -1.36601e+15 3.29479e+16 -7.94694e+17 1.91678e+19 -4.62322e+20 1.11511e+22 -2.68961e+23 6.48728e+24 -1.56471e+26
1.07475 -24.6063 594.8 -14345.2 346003 -8.34551e+06 2.01291e+08 -4.8551e+09 1.17104e+11 -2.82451e+12 6.81264e+13 -1.64319e+15 3.96334e+16 -9.55946e+17 2.30572e+19 -5.56133e+20 1.34138e+22 -3.23537e+23 7.80362e+24 -1.88221e+26
1.28576 -29.4764 712.492 -17183.6 414466 -9.99681e+06 2.41121e+08 -5.81576e+09 1.40275e+11 -3.38339e+12 8.16064e+13 -1.96833e+15 4.74755e+16 -1.1451e+18 2.76194e+19 -6.66174e+20 1.60679e+22 -3.87554e+23 9.34771e+24 -2.25464e+26
1.33281 -30.3336 733.485 -17689.6 426671 -1.02912e+07 2.48221e+08 -5.98703e+09 1.44406e+11 -3.48302e+12 8.40096e+13 -2.02629e+15 4.88736e+16 -1.17882e+18 2.84328e+19 -6.85791e+20 1.65411e+22 -3.98967e+23 9.62298e+24 -2.32104e+26
1.09544 -24.2909 588.053 -14181.5 342056 -8.25031e+06 1.98995e+08 -4.79971e+09 1.15768e+11 -2.79229e+12 6.73493e+13 -1.62445e+15 3.91812e+16 -9.45041e+17 2.27941e+19 -5.49789e+20 1.32608e+22 -3.19846e+23 7.7146e+24 -1.86074e+26
0.709841 -17.243 415.837 -10029.9 241919 -5.83503e+06 1.40739e+08 -3.3946e+09 8.18768e+10 -1.97485e+12 4.76328e+13 -1.14889e+15 2.77109e+16 -6.6838e+17 1.61212e+19 -3.88838e+20 9.37868e+21 -2.26211e+23 5.45615e+24 -1.31601e+26
0.36869 -8.79177 212.207 -5118.22 123450 -2.97759e+06 7.18186e+07 -1.73225e+09 4.17813e+10 -1.00775e+12 2.43068e+13 -5.86273e+14 1.41408e+16 -3.41071e+17 8.22655e+18 -1.98422e+20 4.78589e+21 -1.15434e+23 2.78425e+24 -6.71554e+25
0.160678 -3.64855 88.2332 -2127.93 51325.4 -1.23796e+06 2.98592e+07 -7.20195e+08 1.73709e+10 -4.18982e+11 1.01057e+13 -2.43748e+14 5.87913e+15 -1.41803e+17 3.42025e+18 -8.24956e+19 1.98977e+21 -4.79928e+22 1.15757e+24 -2.79204e+25
0.200266 -4.5641 110.356 -2661.49 64194.6 -1.54836e+06 3.7346e+07 -9.00775e+08 2.17264e+10 -5.24036e+11 1.26396e+13 -3.04864e+14 7.35325e+15 -1.77358e+17 4.27784e+18 -1.0318e+20 2.48868e+21 -6.00263e+22 1.44782e+24 -3.4921e+25
0.242481 -5.53395 133.798 -3226.86 77831.4 -1.87727e+06 4.52793e+07 -1.09213e+09 2.63418e+10 -6.35357e+11 1.53246e+13 -3.69626e+14 8.91529e+15 -2.15034e+17 5.18657e+18 -1.25099e+20 3.01735e+21 -7.27777e+22 1.75538e+24 -4.23393e+25
0.292899 -6.69097 161.766 -3901.38 94100.5 -2.26968e+06 5.47441e+07 -1.32041e+09 3.1848e+10 -7.68166e+11 1.8528e+13 -4.46889e+14 1.07789e+16 -2.59983e+17 6.27073e+18 -1.51248e+20 3.64807e+21 -8.79904e+22 2.12231e+24 -5.11895e+25
0.353377 -8.07796 195.294 -4709.98 113604 -2.7401e+06 6.60904e+07 -1.59408e+09 3.84489e+10 -9.27376e+11 2.23681e+13 -5.39512e+14 1.30129e+16 -3.13868e+17 7.5704e+18 -1.82596e+20 4.40417e+21 -1.06227e+23 2.56218e+24 -6.17991e+25
