0.000166001 0.000159386 0.000320129 -0.00355592 0.0899342 -2.16502 52.2239 -1259.62 30381.8 -732801 1.7675e+07 -4.26315e+08 1.02826e+10 -2.48014e+11 5.98203e+12 -1.44285e+14 3.48012e+15 -8.39395e+16 2.0246e+18 -4.88328e+19
0.000165755 0.000162036 0.000250761 -0.00189008 0.0497459 -1.1957 28.8441 -695.709 16780.3 -404737 9.76215e+06 -2.3546e+08 5.67924e+09 -1.36982e+11 3.30397e+12 -7.96908e+13 1.92212e+15 -4.63611e+16 1.11822e+18 -2.69711e+19
0.000165634 0.000161593 0.00025719 -0.00205012 0.0536003 -1.28867 31.0866 -749.797 18084.9 -436203 1.05211e+07 -2.53766e+08 6.12078e+09 -1.47632e+11 3.56083e+12 -8.58864e+13 2.07156e+15 -4.99654e+16 1.20515e+18 -2.9068e+19
0.000165474 0.000160981 0.000266683 -0.00228498 0.0592588 -1.42516 34.3787 -829.201 20000.1 -482398 1.16353e+07 -2.8064e+08 6.76897e+09 -1.63266e+11 3.93793e+12 -9.49818e+13 2.29094e+15 -5.52568e+16 1.33278e+18 -3.21463e+19
0.000165277 0.000160182 0.000279636 -0.00260433 0.066954 -1.61078 38.8557 -937.184 22604.6 -545218 1.31505e+07 -3.17187e+08 7.65047e+09 -1.84527e+11 4.45075e+12 -1.07351e+14 2.58927e+15 -6.24526e+16 1.50634e+18 -3.63326e+19
0.000165042 0.000159177 0.000296419 -0.0030172 0.0769038 -1.85077 44.6442 -1076.8 25972.2 -626443 1.51096e+07 -3.6444e+08 8.79021e+09 -2.12018e+11 5.11381e+12 -1.23344e+14 2.97502e+15 -7.17566e+16 1.73075e+18 -4.17453e+19
0.000164764 0.000157933 0.000317675 -0.00353928 0.0894863 -2.15427 51.9645 -1253.37 30230.9 -729161 1.75872e+07 -4.24198e+08 1.02315e+10 -2.46782e+11 5.95232e+12 -1.43568e+14 3.46283e+15 -8.35226e+16 2.01454e+18 -4.85902e+19
0.000164438 0.000156412 0.000344051 -0.0041865 0.105086 -2.53053 61.0398 -1472.26 35510.5 -856505 2.06587e+07 -4.98282e+08 1.20184e+10 -2.89881e+11 6.99186e+12 -1.68642e+14 4.0676e+15 -9.81094e+16 2.36637e+18 -5.70763e+19
0.000164056 0.000154563 0.000376517 -0.00498251 0.124271 -2.9933 72.2018 -1741.48 42004.1 -1.01313e+06 2.44364e+07 -5.89399e+08 1.42162e+10 -3.4289e+11 8.27042e+12 -1.9948e+14 4.81141e+15 -1.1605e+17 2.7991e+18 -6.75135e+19
0.000163607 0.000152329 0.0004161 -0.00595251 0.147652 -3.55725 85.8039 -2069.56 49917.3 -1.20399e+06 2.904e+07 -7.00437e+08 1.68944e+10 -4.07487e+11 9.82849e+12 -2.37061e+14 5.71784e+15 -1.37913e+17 3.32642e+18 -8.02324e+19
0.000163078 0.000149633 0.000464215 -0.00713111 0.17606 -4.24247 102.331 -2468.2 59532.4 -1.4359e+06 3.46336e+07 -8.35354e+08 2.01485e+10 -4.85977e+11 1.17216e+13 -2.82723e+14 6.8192e+15 -1.64477e+17 3.96715e+18 -9.56867e+19
0.000162454 0.000146387 0.00052242 -0.00855648 0.210417 -5.07118 122.319 -2950.31 71160.7 -1.71638e+06 4.13986e+07 -9.98523e+08 2.40841e+10 -5.80902e+11 1.40112e+13 -3.37947e+14 8.15119e+15 -1.96604e+17 4.74205e+18 -1.14377e+20
0.000161713 0.00014248 0.000592761 -0.0102787 0.251929 -6.07245 146.47 -3532.81 85210.5 -2.05525e+06 4.95722e+07 -1.19567e+09 2.88392e+10 -6.95594e+11 1.67776e+13 -4.0467e+14 9.76054e+15 -2.35422e+17 5.67831e+18 -1.36959e+20
0.000160833 0.000137783 0.00067755 -0.0123542 0.301959 -7.2792 175.576 -4234.85 102144 -2.46368e+06 5.94232e+07 -1.43327e+09 3.45702e+10 -8.33823e+11 2.01116e+13 -4.85086e+14 1.17002e+16 -2.82205e+17 6.8067e+18 -1.64176e+20
0.000159785 0.000132135 0.00077975 -0.0148558 0.362257 -8.73361 210.656 -5080.97 122552 -2.95591e+06 7.12959e+07 -1.71964e+09 4.14772e+10 -1.00042e+12 2.41298e+13 -5.82006e+14 1.40378e+16 -3.38589e+17 8.16667e+18 -1.96978e+20
0.000158533 0.000125346 0.000902794 -0.0178672 0.434845 -10.4845 252.886 -6099.55 147120 -3.54849e+06 8.55885e+07 -2.06437e+09 4.97921e+10 -1.20097e+12 2.89672e+13 -6.9868e+14 1.6852e+16 -4.06465e+17 9.80384e+18 -2.36466e+20
0.000157037 0.000117186 0.00105086 -0.0214908 0.522192 -12.5913 303.703 -7325.22 176682 -4.26153e+06 1.02787e+08 -2.4792e+09 5.97976e+10 -1.4423e+12 3.47879e+13 -8.39076e+14 2.02383e+16 -4.88142e+17 1.17739e+19 -2.83983e+20
0.000155245 0.000107381 0.00122891 -0.0258479 0.627217 -15.1246 364.804 -8798.97 212229 -5.11891e+06 1.23467e+08 -2.97798e+09 7.18282e+10 -1.73248e+12 4.17869e+13 -1.00789e+15 2.431e+16 -5.86351e+17 1.41426e+19 -3.41117e+20
0.000153098 9.55977e-05 0.001443 -0.0310872 0.753508 -18.1707 438.277 -10571.1 254973 -6.14988e+06 1.48333e+08 -3.57776e+09 8.62947e+10 -2.08141e+12 5.0203e+13 -1.21088e+15 2.92062e+16 -7.04445e+17 1.6991e+19 -4.09819e+20
0.000150523 8.14291e-05 0.00170048 -0.0373883 0.905393 -21.8343 526.64 -12702.4 306379 -7.38978e+06 1.7824e+08 -4.29909e+09 1.03693e+11 -2.50105e+12 6.03246e+13 -1.45501e+15 3.50945e+16 -8.46471e+17 2.04167e+19 -4.92445e+20
0.000147406 6.48717e-05 0.00199824 -0.0446799 1.08115 -26.0736 628.891 -15168.7 365864 -8.82455e+06 2.12846e+08 -5.13379e+09 1.23826e+11 -2.98664e+12 7.2037e+13 -1.73751e+15 4.19084e+16 -1.01082e+18 2.43807e+19 -5.88056e+20
0.000143471 4.93454e-05 0.00225009 -0.0508873 1.23073 -29.6815 715.914 -17267.7 416491 -1.00457e+07 2.42299e+08 -5.84418e+09 1.4096e+11 -3.39992e+12 8.20052e+13 -1.97794e+15 4.77075e+16 -1.15069e+18 2.77544e+19 -6.69429e+20
0.000138668 3.54064e-05 0.00244317 -0.0556988 1.34662 -32.4769 783.337 -18893.9 455715 -1.09917e+07 2.65118e+08 -6.39457e+09 1.54235e+11 -3.72012e+12 8.97282e+13 -2.16422e+15 5.22004e+16 -1.25906e+18 3.03682e+19 -7.32474e+20
0.000133018 2.30559e-05 0.00257884 -0.0591446 1.42954 -34.4773 831.586 -20057.6 483785 -1.16688e+07 2.81448e+08 -6.78844e+09 1.63735e+11 -3.94925e+12 9.5255e+13 -2.29753e+15 5.54157e+16 -1.33661e+18 3.22387e+19 -7.7759e+20
0.000126574 1.23079e-05 0.00265881 -0.0612638 1.48046 -35.7056 861.212 -20772.2 501020 -1.20845e+07 2.91474e+08 -7.03028e+09 1.69569e+11 -4.08995e+12 9.86485e+13 -2.37938e+15 5.73899e+16 -1.38423e+18 3.33873e+19 -8.05292e+20
0.000119422 3.19196e-06 0.002685 -0.0620993 1.5004 -36.1867 872.816 -21052.1 507771 -1.22473e+07 2.95402e+08 -7.12501e+09 1.71853e+11 -4.14506e+12 9.99777e+13 -2.41144e+15 5.81632e+16 -1.40288e+18 3.38371e+19 -8.16143e+20
0.000111664 -4.26515e-06 0.00265977 -0.0617048 1.49066 -35.9521 867.157 -20915.6 504479 -1.21679e+07 2.93486e+08 -7.07882e+09 1.70739e+11 -4.11818e+12 9.93295e+13 -2.3958e+15 5.77861e+16 -1.39379e+18 3.36177e+19 -8.10851e+20
0.000103423 -1.00365e-05 0.00258581 -0.0601412 1.45272 -35.0372 845.091 -20383.4 491642 -1.18583e+07 2.86018e+08 -6.89869e+09 1.66394e+11 -4.01339e+12 9.68019e+13 -2.33484e+15 5.63157e+16 -1.35832e+18 3.27623e+19 -7.90218e+20
9.48336e-05 -1.41132e-05 0.00246641 -0.0574846 1.38842 -33.4865 807.686 -19481.2 469881 -1.13334e+07 2.73359e+08 -6.59334e+09 1.5903e+11 -3.83575e+12 9.25174e+13 -2.23149e+15 5.38231e+16 -1.2982e+18 3.13122e+19 -7.55242e+20
8.60379e-05 -1.65021e-05 0.00230536 -0.0538225 1.29986 -31.3508 756.173 -18238.7 439913 -1.06106e+07 2.55924e+08 -6.17283e+09 1.48887e+11 -3.59112e+12 8.66168e+13 -2.08917e+15 5.03903e+16 -1.2154e+18 2.93152e+19 -7.07074e+20
7.71838e-05 -1.72441e-05 0.00210729 -0.0492626 1.18966 -28.6929 692.067 -16692.5 402618 -9.71104e+06 2.34228e+08 -5.64951e+09 1.36265e+11 -3.28667e+12 7.92736e+13 -1.91206e+15 4.61184e+16 -1.11236e+18 2.68299e+19 -6.4713e+20
6.84196e-05 -1.64138e-05 0.00187755 -0.0439304 1.06084 -25.586 617.129 -14885 359022 -8.65952e+06 2.08865e+08 -5.03778e+09 1.2151e+11 -2.93079e+12 7.06898e+13 -1.70502e+15 4.11246e+16 -9.91915e+17 2.39247e+19 -5.77058e+20
5.98922e-05 -1.41459e-05 0.00162276 -0.0379826 0.917186 -22.1213 533.561 -12869.4 310405 -7.4869e+06 1.80582e+08 -4.35559e+09 1.05056e+11 -2.53392e+12 6.11174e+13 -1.47414e+15 3.55558e+16 -8.57596e+17 2.0685e+19 -4.98916e+20
5.17422e-05 -1.06309e-05 0.00135065 -0.031602 0.763109 -18.4052 443.929 -10707.5 258261 -6.22919e+06 1.50246e+08 -3.6239e+09 8.74076e+10 -2.10825e+12 5.08504e+13 -1.2265e+15 2.95828e+16 -7.1353e+17 1.72102e+19 -4.15104e+20
4.41011e-05 -6.14392e-06 0.00107058 -0.0250121 0.604001 -14.5677 351.37 -8474.95 204414 -4.9304e+06 1.1892e+08 -2.86832e+09 6.91831e+10 -1.66868e+12 4.02481e+13 -9.70773e+14 2.34148e+16 -5.64759e+17 1.36218e+19 -3.28555e+20
3.70866e-05 -1.05062e-06 0.000793598 -0.0184773 0.446245 -10.7628 259.597 -6261.4 151023 -3.64264e+06 8.78596e+07 -2.11915e+09 5.11133e+10 -1.23284e+12 2.97358e+13 -7.17219e+14 1.72991e+16 -4.17251e+17 1.0064e+19 -2.42741e+20
3.07987e-05 4.15651e-06 0.000533195 -0.0123216 0.297653 -7.17892 173.154 -4176.43 100734 -2.42969e+06 5.86034e+07 -1.4135e+09 3.40932e+10 -8.22319e+11 1.98341e+13 -4.78394e+14 1.15387e+16 -2.78311e+17 6.7128e+18 -1.61911e+20
2.53137e-05 8.86108e-06 0.000305041 -0.00692241 0.167332 -4.0357 97.3403 -2347.82 56628.9 -1.36587e+06 3.29445e+07 -7.94613e+08 1.91659e+10 -4.62275e+11 1.115e+13 -2.68934e+14 6.48662e+15 -1.56456e+17 3.77367e+18 -9.10199e+19
2.06803e-05 1.22507e-05 0.000128551 -0.00274882 0.0665926 -1.60595 38.7354 -934.287 22534.8 -543533 1.31099e+07 -3.16207e+08 7.62682e+09 -1.83957e+11 4.43699e+12 -1.07019e+14 2.58127e+15 -6.22596e+16 1.50168e+18 -3.62202e+19
1.691e-05 1.33145e-05 2.6623e-05 -0.000355237 0.00880469 -0.212172 5.1177 -123.437 2977.28 -71811.2 1.73207e+06 -4.1777e+07 1.00765e+09 -2.43042e+10 5.86212e+11 -1.41393e+13 3.41036e+14 -8.22569e+15 1.98402e+17 -4.78539e+18
1.39437e-05 1.12923e-05 1.43777e-05 -0.000110461 0.00285884 -0.0687946 1.65944 -40.0251 965.395 -23285.1 561630 -1.35464e+07 3.26735e+08 -7.88076e+09 1.90082e+11 -4.58472e+12 1.10582e+14 -2.66722e+15 6.43326e+16 -1.55168e+18
1.15014e-05 9.08843e-06 1.67307e-05 -0.000209477 0.00521192 -0.125579 3.02905 -73.0598 1762.18 -42503.4 1.02517e+06 -2.47268e+07 5.96405e+08 -1.43851e+10 3.46966e+11 -8.36872e+12 2.01851e+14 -4.8686e+15 1.17429e+17 -2.83237e+18
9.46898e-06 7.20939e-06 1.96577e-05 -0.000315416 0.00773764 -0.186524 4.49899 -108.514 2617.34 -63129.5 1.52267e+06 -3.67263e+07 8.8583e+08 -2.1366e+10 5.15342e+11 -1.24299e+13 2.99806e+14 -7.23125e+15 1.74416e+17 -4.20686e+18
7.77398e-06 5.58903e-06 2.3246e-05 -0.000431647 0.0105163 -0.253564 6.11597 -147.515 3558.03 -85818.8 2.06993e+06 -4.99261e+07 1.2042e+09 -2.90451e+10 7.0056e+11 -1.68973e+13 4.07559e+14 -9.83022e+15 2.37102e+17 -5.71885e+18
6.35613e-06 4.16996e-06 2.76183e-05 -0.000562179 0.0136435 -0.329011 7.93572 -191.408 4616.7 -111354 2.68582e+06 -6.47813e+07 1.56251e+09 -3.76873e+10 9.09007e+11 -2.1925e+13 5.28825e+14 -1.27551e+16 3.0765e+17 -7.42044e+18
5.16499e-06 2.90203e-06 3.29233e-05 -0.000711493 0.0172268 -0.415455 10.0207 -241.697 5829.66 -140610 3.39147e+06 -8.18015e+07 1.97303e+09 -4.7589e+10 1.14783e+12 -2.76854e+13 6.67766e+14 -1.61063e+16 3.8848e+17 -9.37005e+18
3.33215e-06 1.71286e-05 -0.000340638 0.00826772 -0.199381 4.80904 -115.993 2797.71 -67480.1 1.6276e+06 -3.92573e+07 9.46877e+08 -2.28384e+10 5.50857e+11 -1.32865e+13 3.20467e+14 -7.72959e+15 1.86436e+17 -4.49678e+18 1.08461e+20
1.84436e-07 8.01808e-05 -0.00186458 0.0450299 -1.08606 26.1956 -631.831 15239.6 -367575 8.86581e+06 -2.13841e+08 5.15779e+09 -1.24405e+11 3.00061e+12 -7.23738e+13 1.74564e+15 -4.21043e+16 1.01555e+18 -2.44947e+19 5.90805e+20
-9.10866e-07 0.000146342 -0.00339338 0.0819937 -1.97751 47.6972 -1150.44 27748.4 -669285 1.6143e+07 -3.89364e+08 9.39136e+09 -2.26517e+11 5.46354e+12 -1.31779e+14 3.17848e+15 -7.6664e+16 1.84912e+18 -4.46002e+19 1.07574e+21
5.32535e-07 0.000221678 -0.00505886 0.12235 -2.95068 71.1701 -1716.6 41404 -998654 2.40873e+07 -5.80979e+08 1.4013e+10 -3.37991e+11 8.15226e+12 -1.9663e+14 4.74267e+15 -1.14392e+17 2.7591e+18 -6.65489e+19 1.60514e+21
5.9727e-06 0.000293843 -0.00653724 0.158318 -3.81787 92.0868 -2221.11 53572.6 -1.29216e+06 3.11665e+07 -7.51727e+08 1.81315e+10 -4.37326e+11 1.05482e+13 -2.5442e+14 6.13653e+15 -1.48012e+17 3.57e+18 -8.61075e+19 2.07689e+21
1.66857e-05 0.000332833 -0.00711946 0.172767 -4.16595 100.483 -2423.62 58457 -1.40997e+06 3.40081e+07 -8.20265e+08 1.97846e+10 -4.77199e+11 1.15099e+13 -2.77616e+14 6.69603e+15 -1.61506e+17 3.89549e+18 -9.39583e+19 2.26625e+21
2.99576e-05 0.000388155 -0.00802231 0.19502 -4.70216 113.417 -2735.58 65981.4 -1.59145e+06 3.83854e+07 -9.25846e+08 2.23312e+10 -5.38622e+11 1.29914e+13 -3.1335e+14 7.55791e+15 -1.82295e+17 4.3969e+18 -1.06052e+20 2.55795e+21
4.60417e-05 0.000458138 -0.00919638 0.223896 -5.39805 130.202 -3140.43 75746.4 -1.82698e+06 4.40664e+07 -1.06287e+09 2.56361e+10 -6.18337e+11 1.49141e+13 -3.59725e+14 8.67646e+15 -2.09274e+17 5.04763e+18 -1.21748e+20 2.93652e+21
6.51135e-05 0.000545974 -0.0107082 0.261014 -6.29265 151.78 -3660.9 88299.8 -2.12977e+06 5.13695e+07 -1.23902e+09 2.98848e+10 -7.20813e+11 1.73858e+13 -4.19342e+14 1.01144e+16 -2.43957e+17 5.88418e+18 -1.41925e+20 3.42319e+21
8.75734e-05 0.000655122 -0.0126243 0.307996 -7.42503 179.094 -4319.69 104190 -2.51303e+06 6.06136e+07 -1.46199e+09 3.52627e+10 -8.50527e+11 2.05145e+13 -4.94804e+14 1.19345e+16 -2.87858e+17 6.94306e+18 -1.67465e+20 4.03921e+21
0.000116631 0.000795165 -0.0150802 0.368218 -8.87654 214.105 -5164.15 124558 -3.0043e+06 7.2463e+07 -1.74779e+09 4.21562e+10 -1.0168e+12 2.45249e+13 -5.91533e+14 1.42676e+16 -3.44131e+17 8.30036e+18 -2.00203e+20 4.82883e+21
0.000148407 0.000952685 -0.0178654 0.436482 -10.5219 253.792 -6121.38 147646 -3.56119e+06 8.58949e+07 -2.07176e+09 4.99703e+10 -1.20527e+12 2.90708e+13 -7.01181e+14 1.69123e+16 -4.0792e+17 9.83893e+18 -2.37312e+20 5.72391e+21
0.000185845 0.0011442 -0.0212839 0.52022 -12.5403 302.476 -7295.63 175969 -4.24432e+06 1.02372e+08 -2.46918e+09 5.9556e+10 -1.43648e+12 3.46474e+13 -8.35687e+14 2.01565e+16 -4.86171e+17 1.17263e+19 -2.82835e+20 6.82192e+21
0.000230152 0.00137488 -0.0254217 0.621547 -14.9827 361.388 -8716.56 210241 -5.07096e+06 1.2231e+08 -2.95009e+09 7.11555e+10 -1.71625e+12 4.13955e+13 -9.98449e+14 2.40823e+16 -5.8086e+17 1.40102e+19 -3.37922e+20 8.15059e+21
0.000282723 0.00165244 -0.0304187 0.743891 -17.9317 432.518 -10432.2 251622 -6.06906e+06 1.46384e+08 -3.53075e+09 8.51607e+10 -2.05405e+12 4.95433e+13 -1.19497e+15 2.88224e+16 -6.95188e+17 1.67678e+19 -4.04434e+20 9.75484e+21
0.00034525 0.00198621 -0.036444 0.891387 -21.4869 518.273 -12500.6 301511 -7.27237e+06 1.75408e+08 -4.23079e+09 1.02045e+11 -2.46131e+12 5.93661e+13 -1.4319e+15 3.45369e+16 -8.33022e+17 2.00923e+19 -4.8462e+20 1.16889e+22
0.000418948 0.00240278 -0.0440813 1.07818 -25.9896 626.878 -15120.1 364693 -8.7963e+06 2.12164e+08 -5.11735e+09 1.23429e+11 -2.97708e+12 7.18064e+13 -1.73195e+15 4.17742e+16 -1.00758e+18 2.43026e+19 -5.86173e+20 1.41383e+22
0.000505642 0.00294907 -0.054348 1.32893 -32.0344 772.681 -18636.8 449516 -1.08422e+07 2.61511e+08 -6.30758e+09 1.52137e+11 -3.66951e+12 8.85076e+13 -2.13478e+15 5.14903e+16 -1.24193e+18 2.99551e+19 -7.22509e+20 1.74267e+22
0.000611688 0.00359565 -0.066394 1.6233 -39.1305 943.842 -22765.2 549090 -1.32439e+07 3.1944e+08 -7.7048e+09 1.85838e+11 -4.48236e+12 1.08113e+14 -2.60767e+15 6.28962e+16 -1.51704e+18 3.65906e+19 -8.82556e+20 2.1287e+22
0.000741157 0.0043686 -0.0807124 1.97333 -47.5681 1147.36 -27674 667490 -1.60997e+07 3.8832e+08 -9.36617e+09 2.2591e+11 -5.44888e+12 1.31426e+14 -3.16995e+15 7.64584e+16 -1.84416e+18 4.44806e+19 -1.07286e+21 2.58771e+22
0.000900193 0.00527376 -0.0972699 2.37839 -57.332 1382.87 -33354.4 804499 -1.94043e+07 4.68026e+08 -1.12887e+10 2.7228e+11 -6.56732e+12 1.58402e+14 -3.82061e+15 9.21522e+16 -2.22269e+18 5.36106e+19 -1.29307e+21 3.11886e+22
0.00109694 0.00627151 -0.114968 2.81213 -67.7866 1635.04 -39436.6 951202 -2.29427e+07 5.53373e+08 -1.33472e+10 3.21931e+11 -7.76489e+12 1.87287e+14 -4.51732e+15 1.08956e+17 -2.628e+18 6.33867e+19 -1.52887e+21 3.6876e+22
0.00132792 0.00758077 -0.138945 3.39861 -81.9236 1976.03 -47661.2 1.14958e+06 -2.77275e+07 6.68779e+08 -1.61308e+10 3.8907e+11 -9.38427e+12 2.26346e+14 -5.45941e+15 1.31679e+17 -3.17607e+18 7.66061e+19 -1.84772e+21 4.45665e+22
0.00161051 0.00905535 -0.165357 4.04547 -97.5156 2352.11 -56732.3 1.36837e+06 -3.30047e+07 7.96064e+08 -1.92008e+10 4.63119e+11 -1.11703e+13 2.69425e+14 -6.49846e+15 1.56741e+17 -3.78056e+18 9.11861e+19 -2.19938e+21 5.30486e+22
0.00194377 0.0109369 -0.199807 4.88813 -117.828 2842.05 -68549.5 1.6534e+06 -3.98795e+07 9.61882e+08 -2.32003e+10 5.59586e+11 -1.34971e+13 3.25546e+14 -7.85208e+15 1.8939e+17 -4.56804e+18 1.1018e+20 -2.65751e+21 6.40984e+22
0.00234677 0.0131402 -0.239792 5.86669 -141.416 3411 -82272.2 1.98438e+06 -4.78628e+07 1.15444e+09 -2.78448e+10 6.71609e+11 -1.6199e+13 3.90716e+14 -9.42397e+15 2.27304e+17 -5.48251e+18 1.32237e+20 -3.18951e+21 7.69302e+22
0.00283019 0.0157892 -0.287898 7.04395 -169.793 4095.47 -98781.5 2.38258e+06 -5.74673e+07 1.3861e+09 -3.34323e+10 8.06378e+11 -1.94496e+13 4.6912e+14 -1.1315e+16 2.72916e+17 -6.58266e+18 1.58772e+20 -3.82954e+21 9.23675e+22
0.00341019 0.0189735 -0.345755 8.45977 -203.921 4918.65 -118636 2.86148e+06 -6.90181e+07 1.6647e+09 -4.01521e+10 9.68457e+11 -2.33589e+13 5.63411e+14 -1.35893e+16 3.27771e+17 -7.90576e+18 1.90685e+20 -4.59927e+21 1.10933e+23
0.00410624 0.0228009 -0.415322 10.1621 -244.956 5908.43 -142510 3.43729e+06 -8.29066e+07 1.99969e+09 -4.82319e+10 1.16334e+12 -2.80595e+13 6.76787e+14 -1.63239e+16 3.93729e+17 -9.49663e+18 2.29056e+20 -5.52478e+21 1.33256e+23
0.00494179 0.0274009 -0.498957 12.2087 -294.288 7098.34 -171210 4.12954e+06 -9.96033e+07 2.40241e+09 -5.79454e+10 1.39763e+12 -3.37104e+13 8.13086e+14 -1.96114e+16 4.73023e+17 -1.14092e+19 2.75186e+20 -6.63742e+21 1.60093e+23
0.00594499 0.0329293 -0.599495 14.6689 -353.589 8528.71 -205710 4.96167e+06 -1.19674e+08 2.88651e+09 -6.96219e+10 1.67926e+12 -4.05033e+13 9.7693e+14 -2.35633e+16 5.6834e+17 -1.37082e+19 3.30639e+20 -7.97492e+21 1.92353e+23
0.00714974 0.0395733 -0.720342 17.626 -424.869 10248 -247179 5.9619e+06 -1.43799e+08 3.4684e+09 -8.3657e+10 2.01778e+12 -4.86684e+13 1.17387e+15 -2.83134e+16 6.82912e+17 -1.64717e+19 3.97292e+20 -9.58259e+21 2.31129e+23
0.00859591 0.0475734 -0.865975 21.1895 -510.766 12319.9 -297152 7.16722e+06 -1.72871e+08 4.16961e+09 -1.0057e+11 2.42572e+12 -5.85078e+13 1.41119e+15 -3.40376e+16 8.20977e+17 -1.98018e+19 4.77613e+20 -1.15199e+22 2.77857e+23
0.0103318 0.0572336 -1.04209 25.4984 -614.632 14825.2 -357578 8.6247e+06 -2.08025e+08 5.01752e+09 -1.21021e+11 2.919e+12 -7.04055e+13 1.69816e+15 -4.09593e+16 9.87926e+17 -2.38285e+19 5.74738e+20 -1.38625e+22 3.3436e+23
0.0124197 0.0688333 -1.25346 30.6701 -739.295 17832.1 -430104 1.0374e+07 -2.50218e+08 6.0352e+09 -1.45567e+11 3.51105e+12 -8.46856e+13 2.04259e+15 -4.92668e+16 1.1883e+18 -2.86615e+19 6.91309e+20 -1.66742e+22 4.02177e+23
0.0149306 0.0827701 -1.50734 36.882 -889.031 21443.8 -517217 1.24751e+07 -3.00897e+08 7.25756e+09 -1.75051e+11 4.22217e+12 -1.01838e+14 2.4563e+15 -5.92453e+16 1.42898e+18 -3.44666e+19 8.31326e+20 -2.00514e+22 4.83634e+23
0.0179516 0.0994962 -1.81182 44.3323 -1068.62 25775.5 -621697 1.49952e+07 -3.6168e+08 8.72362e+09 -2.10411e+11 5.07507e+12 -1.22409e+14 2.95248e+15 -7.1213e+16 1.71764e+18 -4.1429e+19 9.99257e+20 -2.41018e+22 5.81329e+23
0.0215876 0.119509 -2.17554 53.2333 -1283.17 30950.6 -746519 1.80058e+07 -4.34296e+08 1.04751e+10 -2.52657e+11 6.09402e+12 -1.46986e+14 3.54527e+15 -8.55109e+16 2.0625e+18 -4.9747e+19 1.19988e+21 -2.89409e+22 6.98046e+23
0.0259518 0.143704 -2.61576 64.007 -1542.86 37214.5 -897602 2.16499e+07 -5.2219e+08 1.25951e+10 -3.0379e+11 7.32734e+12 -1.76734e+14 4.26277e+15 -1.02817e+17 2.47992e+18 -5.98149e+19 1.44272e+21 -3.4798e+22 8.39319e+23
0.0312344 0.172325 -3.13202 76.6495 -1847.59 44564.7 -1.07489e+06 2.5926e+07 -6.25328e+08 1.50827e+10 -3.63792e+11 8.77456e+12 -2.1164e+14 5.10471e+15 -1.23124e+17 2.96972e+18 -7.16289e+19 1.72767e+21 -4.1671e+22 1.00509e+24
0.0387345 0.184921 -3.21544 78.9055 -1901.74 45871 -1.10639e+06 2.66859e+07 -6.43658e+08 1.55249e+10 -3.74456e+11 9.03177e+12 -2.17844e+14 5.25434e+15 -1.26733e+17 3.05677e+18 -7.37286e+19 1.77831e+21 -4.28925e+22 1.03455e+24
0.0484584 0.167456 -2.55709 63.2804 -1524.6 36774.7 -886995 2.13941e+07 -5.1602e+08 1.24463e+10 -3.002e+11 7.24076e+12 -1.74645e+14 4.2124e+15 -1.01602e+17 2.45061e+18 -5.91081e+19 1.42567e+21 -3.43868e+22 8.29401e+23
-0.0415277 0.0447079 -1.88069 44.6885 -1078.44 26011.2 -627385 1.51324e+07 -3.64988e+08 8.80343e+09 -2.12336e+11 5.1215e+12 -1.23529e+14 2.97949e+15 -7.18645e+16 1.73335e+18 -4.1808e+19 1.0084e+21 -2.43223e+22 5.86648e+23
-0.0317636 0.0151848 -0.965312 22.8101 -550.543 13278.7 -320278 7.72502e+06 -1.86325e+08 4.49412e+09 -1.08397e+11 2.61451e+12 -6.30612e+13 1.52102e+15 -3.66866e+16 8.84872e+17 -2.13429e+19 5.14784e+20 -1.24165e+22 2.99482e+23
-0.0238971 -0.00154408 -0.407303 9.48949 -229.128 5526.34 -133294 3.21502e+06 -7.75453e+07 1.87037e+09 -4.51129e+10 1.08811e+12 -2.6245e+13 6.33022e+14 -1.52683e+16 3.68268e+17 -8.88252e+18 2.14244e+20 -5.16751e+21 1.24639e+23
-0.018272 0.00759803 -0.501259 11.867 -286.374 6907.18 -166599 4.01833e+06 -9.69211e+07 2.33771e+09 -5.6385e+10 1.35999e+12 -3.28026e+13 7.91191e+14 -1.90833e+16 4.60285e+17 -1.11019e+19 2.67776e+20 -6.45869e+21 1.55782e+23
-0.0132821 0.0165285 -0.601434 14.3866 -347.053 8370.84 -201902 4.86983e+06 -1.17459e+08 2.83308e+09 -6.83332e+10 1.64818e+12 -3.97537e+13 9.58848e+14 -2.31272e+16 5.57821e+17 -1.34545e+19 3.24519e+20 -7.82731e+21 1.88793e+23
-0.00877552 0.0259901 -0.721976 17.3929 -419.472 10117.6 -244035 5.88605e+06 -1.4197e+08 3.42428e+09 -8.25927e+10 1.99212e+12 -4.80493e+13 1.15894e+15 -2.79532e+16 6.74225e+17 -1.62621e+19 3.92238e+20 -9.46068e+21 2.28189e+23
-0.0045946 0.0363236 -0.867351 20.9969 -506.308 12212.2 -294555 7.10458e+06 -1.71361e+08 4.13318e+09 -9.96911e+10 2.40452e+12 -5.79965e+13 1.39886e+15 -3.37401e+16 8.13803e+17 -1.96287e+19 4.73439e+20 -1.14192e+22 2.75429e+23
-0.00059365 0.0479163 -1.04325 25.3394 -610.951 14736.2 -355434 8.57298e+06 -2.06778e+08 4.98743e+09 -1.20296e+11 2.9015e+12 -6.99833e+13 1.68798e+15 -4.07136e+16 9.82002e+17 -2.36856e+19 5.71291e+20 -1.37794e+22 3.32355e+23
0.00337022 0.0611165 -1.25444 30.5388 -736.255 17758.6 -428334 1.03313e+07 -2.49188e+08 6.01035e+09 -1.44968e+11 3.49659e+12 -8.43369e+13 2.03418e+15 -4.9064e+16 1.18341e+18 -2.85435e+19 6.88463e+20 -1.66055e+22 4.00521e+23
0.00743505 0.0763789 -1.50816 36.7735 -886.521 21383.1 -515755 1.24399e+07 -3.00047e+08 7.23704e+09 -1.74556e+11 4.21024e+12 -1.0155e+14 2.44935e+15 -5.90778e+16 1.42494e+18 -3.43692e+19 8.28976e+20 -1.99947e+22 4.82266e+23
0.011743 0.0942028 -1.81251 44.2427 -1066.55 25725.4 -620490 1.4966e+07 -3.60977e+08 8.70667e+09 -2.10003e+11 5.06521e+12 -1.22172e+14 2.94674e+15 -7.10747e+16 1.7143e+18 -4.13485e+19 9.97316e+20 -2.4055e+22 5.802e+23
0.016445 0.115124 -2.17612 53.1593 -1281.46 30909.2 -745522 1.79818e+07 -4.33716e+08 1.04611e+10 -2.52319e+11 6.08588e+12 -1.4679e+14 3.54053e+15 -8.53967e+16 2.05975e+18 -4.96805e+19 1.19828e+21 -2.89022e+22 6.97114e+23
0.0216921 0.140072 -2.61624 63.9459 -1541.45 37180.3 -896778 2.16301e+07 -5.21711e+08 1.25835e+10 -3.03512e+11 7.32062e+12 -1.76571e+14 4.25886e+15 -1.02723e+17 2.47764e+18 -5.976e+19 1.4414e+21 -3.47661e+22 8.38549e+23
0.027706 0.169317 -3.13244 76.5991 -1846.42 44536.5 -1.07421e+06 2.59096e+07 -6.24932e+08 1.50732e+10 -3.63562e+11 8.76901e+12 -2.11506e+14 5.10148e+15 -1.23046e+17 2.96784e+18 -7.15836e+19 1.72658e+21 -4.16446e+22 1.00446e+24
0.0358119 0.18243 -3.21579 78.8638 -1900.78 45847.7 -1.10583e+06 2.66724e+07 -6.43331e+08 1.5517e+10 -3.74266e+11 9.02719e+12 -2.17733e+14 5.25167e+15 -1.26669e+17 3.05522e+18 -7.36912e+19 1.77741e+21 -4.28707e+22 1.03403e+24
0.0460374 0.165393 -2.55738 63.2459 -1523.8 36755.5 -886531 2.13829e+07 -5.1575e+08 1.24398e+10 -3.00044e+11 7.23697e+12 -1.74554e+14 4.21019e+15 -1.01549e+17 2.44933e+18 -5.90772e+19 1.42493e+21 -3.43688e+22 8.28968e+23
-0.0435331 0.0429989 -1.88094 44.6601 -1077.78 25995.4 -627002 1.51231e+07 -3.64766e+08 8.79805e+09 -2.12207e+11 5.11837e+12 -1.23454e+14 2.97767e+15 -7.18207e+16 1.7323e+18 -4.17825e+19 1.00778e+21 -2.43075e+22 5.8629e+23
-0.0334247 0.0137693 -0.965519 22.7866 -550 13265.6 -319962 7.7174e+06 -1.86142e+08 4.48969e+09 -1.0829e+11 2.61193e+12 -6.2999e+13 1.51952e+15 -3.66504e+16 8.83999e+17 -2.13218e+19 5.14277e+20 -1.24042e+22 2.99186e+23
-0.0252731 -0.0027165 -0.407476 9.47012 -228.68 5515.52 -133033 3.20872e+06 -7.73935e+07 1.86671e+09 -4.50246e+10 1.08598e+12 -2.61936e+13 6.31782e+14 -1.52384e+16 3.67547e+17 -8.86513e+18 2.13825e+20 -5.1574e+21 1.24395e+23
-0.0194118 0.00662693 -0.501404 11.851 -286.004 6898.24 -166384 4.01314e+06 -9.67958e+07 2.33469e+09 -5.63121e+10 1.35823e+12 -3.27602e+13 7.90168e+14 -1.90586e+16 4.59689e+17 -1.10876e+19 2.6743e+20 -6.45033e+21 1.5558e+23
-0.0142263 0.0157242 -0.601556 14.3734 -346.748 8363.47 -201725 4.86554e+06 -1.17356e+08 2.83059e+09 -6.8273e+10 1.64673e+12 -3.97186e+13 9.58003e+14 -2.31068e+16 5.57329e+17 -1.34426e+19 3.24233e+20 -7.82041e+21 1.88626e+23
-0.00955764 0.0253238 -0.722078 17.382 -419.22 10111.6 -243888 5.88251e+06 -1.41885e+08 3.42222e+09 -8.2543e+10 1.99092e+12 -4.80204e+13 1.15824e+15 -2.79364e+16 6.73819e+17 -1.62523e+19 3.92002e+20 -9.45499e+21 2.28052e+23
-0.00524249 0.0357718 -0.867438 20.9879 -506.1 12207.2 -294434 7.10166e+06 -1.7129e+08 4.13147e+09 -9.96501e+10 2.40353e+12 -5.79726e+13 1.39828e+15 -3.37262e+16 8.13468e+17 -1.96206e+19 4.73245e+20 -1.14145e+22 2.75316e+23
-0.00113036 0.0474592 -1.04332 25.3319 -610.779 14732.1 -355334 8.57056e+06 -2.0672e+08 4.98603e+09 -1.20262e+11 2.90068e+12 -6.99636e+13 1.6875e+15 -4.07022e+16 9.81725e+17 -2.3679e+19 5.7113e+20 -1.37755e+22 3.32262e+23
0.00292562 0.0607379 -1.2545 30.5326 -736.113 17755.2 -428251 1.03293e+07 -2.4914e+08 6.00919e+09 -1.4494e+11 3.49592e+12 -8.43206e+13 2.03379e+15 -4.90545e+16 1.18318e+18 -2.8538e+19 6.8833e+20 -1.66023e+22 4.00444e+23
0.00706674 0.0760652 -1.50821 36.7685 -886.404 21380.3 -515687 1.24382e+07 -3.00007e+08 7.23609e+09 -1.74533e+11 4.20968e+12 -1.01536e+14 2.44903e+15 -5.907e+16 1.42475e+18 -3.43646e+19 8.28866e+20 -1.9992e+22 4.82203e+23
0.0114379 0.093943 -1.81256 44.2385 -1066.45 25723.1 -620433 1.49647e+07 -3.60944e+08 8.70588e+09 -2.09984e+11 5.06475e+12 -1.2216e+14 2.94648e+15 -7.10683e+16 1.71415e+18 -4.13448e+19 9.97226e+20 -2.40528e+22 5.80148e+23
0.0161922 0.114909 -2.17616 53.1559 -1281.38 30907.3 -745475 1.79807e+07 -4.33689e+08 1.04605e+10 -2.52304e+11 6.0855e+12 -1.46781e+14 3.54031e+15 -8.53914e+16 2.05962e+18 -4.96774e+19 1.19821e+21 -2.89004e+22 6.97071e+23
0.0214827 0.139894 -2.61628 63.9431 -1541.38 37178.7 -896740 2.16291e+07 -5.21689e+08 1.2583e+10 -3.03499e+11 7.32031e+12 -1.76564e+14 4.25868e+15 -1.02718e+17 2.47753e+18 -5.97575e+19 1.44133e+21 -3.47646e+22 8.38513e+23
0.0275325 0.16917 -3.13246 76.5967 -1846.37 44535.2 -1.07417e+06 2.59088e+07 -6.24914e+08 1.50728e+10 -3.63551e+11 8.76875e+12 -2.115e+14 5.10133e+15 -1.23043e+17 2.96776e+18 -7.15815e+19 1.72653e+21 -4.16434e+22 1.00443e+24
0.0356682 0.182307 -3.21581 78.8618 -1900.73 45846.6 -1.10581e+06 2.66718e+07 -6.43316e+08 1.55166e+10 -3.74257e+11 9.02697e+12 -2.17728e+14 5.25155e+15 -1.26666e+17 3.05515e+18 -7.36894e+19 1.77737e+21 -4.28697e+22 1.03401e+24
0.0459184 0.165292 -2.5574 63.2443 -1523.77 36754.6 -886510 2.13824e+07 -5.15737e+08 1.24395e+10 -3.00036e+11 7.2368e+12 -1.7455e+14 4.21009e+15 -1.01546e+17 2.44927e+18 -5.90757e+19 1.42489e+21 -3.4368e+22 8.28947e+23
-0.0436317 0.042915 -1.88095 44.6588 -1077.75 25994.6 -626984 1.51227e+07 -3.64755e+08 8.7978e+09 -2.12201e+11 5.11823e+12 -1.2345e+14 2.97759e+15 -7.18186e+16 1.73225e+18 -4.17813e+19 1.00775e+21 -2.43068e+22 5.86273e+23
-0.0335064 0.0136998 -0.965531 22.7855 -549.975 13264.9 -319947 7.71704e+06 -1.86133e+08 4.48948e+09 -1.08285e+11 2.61181e+12 -6.29961e+13 1.51945e+15 -3.66487e+16 8.83958e+17 -2.13208e+19 5.14253e+20 -1.24036e+22 2.99173e+23
-0.0253408 -0.00277409 -0.407487 9.46921 -228.659 5515.02 -133021 3.20843e+06 -7.73865e+07 1.86654e+09 -4.50205e+10 1.08588e+12 -2.61912e+13 6.31725e+14 -1.5237e+16 3.67513e+17 -8.86432e+18 2.13805e+20 -5.15692e+21 1.24384e+23
-0.0194679 0.00657922 -0.501413 11.8502 -285.987 6897.83 -166374 4.01289e+06 -9.679e+07 2.33455e+09 -5.63087e+10 1.35815e+12 -3.27582e+13 7.9012e+14 -1.90575e+16 4.59662e+17 -1.10869e+19 2.67414e+20 -6.44995e+21 1.55571e+23
-0.0142728 0.0156847 -0.601564 14.3728 -346.734 8363.12 -201716 4.86534e+06 -1.17351e+08 2.83047e+09 -6.82702e+10 1.64666e+12 -3.9717e+13 9.57964e+14 -2.31058e+16 5.57307e+17 -1.34421e+19 3.2422e+20 -7.82009e+21 1.88619e+23
-0.00959613 0.0252911 -0.722085 17.3814 -419.208 10111.3 -243881 5.88235e+06 -1.41881e+08 3.42212e+09 -8.25407e+10 1.99086e+12 -4.8019e+13 1.15821e+15 -2.79356e+16 6.738e+17 -1.62519e+19 3.91991e+20 -9.45473e+21 2.28045e+23
-0.00527438 0.0357446 -0.867443 20.9875 -506.09 12206.9 -294428 7.10152e+06 -1.71287e+08 4.13139e+09 -9.96482e+10 2.40349e+12 -5.79715e+13 1.39826e+15 -3.37256e+16 8.13452e+17 -1.96203e+19 4.73235e+20 -1.14143e+22 2.7531e+23
-0.00115677 0.0474367 -1.04333 25.3316 -610.771 14731.9 -355329 8.57045e+06 -2.06717e+08 4.98596e+09 -1.2026e+11 2.90064e+12 -6.99627e+13 1.68748e+15 -4.07016e+16 9.81712e+17 -2.36786e+19 5.71123e+20 -1.37753e+22 3.32257e+23
0.00290373 0.0607193 -1.2545 30.5323 -736.107 17755.1 -428247 1.03292e+07 -2.49138e+08 6.00914e+09 -1.44939e+11 3.49589e+12 -8.43199e+13 2.03377e+15 -4.90541e+16 1.18317e+18 -2.85378e+19 6.88324e+20 -1.66022e+22 4.0044e+23
0.00704861 0.0760498 -1.50822 36.7682 -886.398 21380.2 -515684 1.24382e+07 -3.00005e+08 7.23604e+09 -1.74531e+11 4.20965e+12 -1.01536e+14 2.44901e+15 -5.90696e+16 1.42474e+18 -3.43644e+19 8.28861e+20 -1.99919e+22 4.822e+23
0.0114229 0.0939302 -1.81256 44.2383 -1066.44 25723 -620431 1.49646e+07 -3.60943e+08 8.70585e+09 -2.09983e+11 5.06473e+12 -1.2216e+14 2.94646e+15 -7.1068e+16 1.71414e+18 -4.13446e+19 9.97221e+20 -2.40527e+22 5.80145e+23
0.0161798 0.114898 -2.17616 53.1557 -1281.38 30907.2 -745473 1.79806e+07 -4.33688e+08 1.04604e+10 -2.52303e+11 6.08548e+12 -1.4678e+14 3.5403e+15 -8.53911e+16 2.05961e+18 -4.96773e+19 1.1982e+21 -2.89003e+22 6.97069e+23
0.0214724 0.139885 -2.61628 63.9429 -1541.38 37178.6 -896738 2.16291e+07 -5.21688e+08 1.2583e+10 -3.03498e+11 7.32029e+12 -1.76564e+14 4.25867e+15 -1.02718e+17 2.47753e+18 -5.97574e+19 1.44133e+21 -3.47645e+22 8.38512e+23
0.027524 0.169162 -3.13246 76.5966 -1846.37 44535.1 -1.07417e+06 2.59088e+07 -6.24913e+08 1.50727e+10 -3.63551e+11 8.76874e+12 -2.115e+14 5.10132e+15 -1.23042e+17 2.96775e+18 -7.15814e+19 1.72652e+21 -4.16433e+22 1.00443e+24
0.0356611 0.182301 -3.21581 78.8617 -1900.73 45846.6 -1.10581e+06 2.66717e+07 -6.43316e+08 1.55166e+10 -3.74256e+11 9.02696e+12 -2.17728e+14 5.25154e+15 -1.26666e+17 3.05515e+18 -7.36893e+19 1.77737e+21 -4.28696e+22 1.034e+24
0.0459125 0.165287 -2.5574 63.2443 -1523.76 36754.6 -886509 2.13824e+07 -5.15737e+08 1.24394e+10 -3.00036e+11 7.23679e+12 -1.74549e+14 4.21009e+15 -1.01546e+17 2.44927e+18 -5.90757e+19 1.42489e+21 -3.4368e+22 8.28946e+23
-0.0436366 0.0429109 -1.88095 44.6587 -1077.75 25994.6 -626983 1.51227e+07 -3.64755e+08 8.79779e+09 -2.122e+11 5.11822e+12 -1.2345e+14 2.97758e+15 -7.18185e+16 1.73224e+18 -4.17813e+19 1.00775e+21 -2.43068e+22 5.86272e+23
-0.0335104 0.0136964 -0.965532 22.7855 -549.974 13264.9 -319947 7.71703e+06 -1.86133e+08 4.48947e+09 -1.08285e+11 2.6118e+12 -6.2996e+13 1.51945e+15 -3.66487e+16 8.83956e+17 -2.13208e+19 5.14252e+20 -1.24036e+22 2.99172e+23
-0.0253441 -0.00277693 -0.407487 9.46917 -228.658 5514.99 -133020 3.20842e+06 -7.73861e+07 1.86653e+09 -4.50203e+10 1.08588e+12 -2.61911e+13 6.31722e+14 -1.5237e+16 3.67512e+17 -8.86429e+18 2.13804e+20 -5.1569e+21 1.24383e+23
-0.0194706 0.00657687 -0.501414 11.8502 -285.986 6897.81 -166373 4.01288e+06 -9.67897e+07 2.33454e+09 -5.63085e+10 1.35815e+12 -3.27581e+13 7.90118e+14 -1.90574e+16 4.5966e+17 -1.10869e+19 2.67413e+20 -6.44993e+21 1.55571e+23
-0.0142751 0.0156827 -0.601564 14.3728 -346.733 8363.11 -201716 4.86533e+06 -1.17351e+08 2.83047e+09 -6.82701e+10 1.64666e+12 -3.97169e+13 9.57962e+14 -2.31058e+16 5.57306e+17 -1.34421e+19 3.24219e+20 -7.82008e+21 1.88618e+23
-0.00959803 0.0252895 -0.722085 17.3814 -419.208 10111.3 -243881 5.88234e+06 -1.4188e+08 3.42212e+09 -8.25406e+10 1.99086e+12 -4.8019e+13 1.15821e+15 -2.79356e+16 6.73799e+17 -1.62519e+19 3.91991e+20 -9.45471e+21 2.28045e+23
-0.00527595 0.0357433 -0.867443 20.9875 -506.09 12206.9 -294428 7.10152e+06 -1.71287e+08 4.13139e+09 -9.96481e+10 2.40349e+12 -5.79714e+13 1.39826e+15 -3.37256e+16 8.13452e+17 -1.96202e+19 4.73235e+20 -1.14143e+22 2.7531e+23
-0.00115808 0.0474356 -1.04333 25.3316 -610.771 14731.9 -355329 8.57045e+06 -2.06717e+08 4.98596e+09 -1.2026e+11 2.90064e+12 -6.99627e+13 1.68748e+15 -4.07016e+16 9.81712e+17 -2.36786e+19 5.71122e+20 -1.37753e+22 3.32257e+23
0.00290265 0.0607184 -1.2545 30.5323 -736.106 17755.1 -428247 1.03292e+07 -2.49138e+08 6.00913e+09 -1.44939e+11 3.49588e+12 -8.43198e+13 2.03377e+15 -4.9054e+16 1.18317e+18 -2.85378e+19 6.88323e+20 -1.66022e+22 4.0044e+23
0.00704771 0.0760491 -1.50822 36.7682 -886.398 21380.2 -515683 1.24382e+07 -3.00005e+08 7.23604e+09 -1.74531e+11 4.20965e+12 -1.01536e+14 2.44901e+15 -5.90696e+16 1.42474e+18 -3.43644e+19 8.28861e+20 -1.99919e+22 4.82199e+23
0.0114221 0.0939296 -1.81256 44.2383 -1066.44 25723 -620431 1.49646e+07 -3.60943e+08 8.70584e+09 -2.09983e+11 5.06473e+12 -1.2216e+14 2.94646e+15 -7.10679e+16 1.71414e+18 -4.13446e+19 9.97221e+20 -2.40527e+22 5.80145e+23
0.0161792 0.114898 -2.17616 53.1557 -1281.38 30907.2 -745473 1.79806e+07 -4.33688e+08 1.04604e+10 -2.52303e+11 6.08548e+12 -1.4678e+14 3.5403e+15 -8.53911e+16 2.05961e+18 -4.96773e+19 1.1982e+21 -2.89003e+22 6.97068e+23
0.0214719 0.139885 -2.61628 63.9429 -1541.38 37178.6 -896738 2.16291e+07 -5.21688e+08 1.2583e+10 -3.03498e+11 7.32029e+12 -1.76564e+14 4.25867e+15 -1.02718e+17 2.47753e+18 -5.97574e+19 1.44133e+21 -3.47645e+22 8.38512e+23
0.0275236 0.169162 -3.13246 76.5966 -1846.37 44535.1 -1.07417e+06 2.59088e+07 -6.24913e+08 1.50727e+10 -3.6355e+11 8.76874e+12 -2.115e+14 5.10132e+15 -1.23042e+17 2.96775e+18 -7.15814e+19 1.72652e+21 -4.16433e+22 1.00443e+24
0.0356607 0.182301 -3.21581 78.8617 -1900.73 45846.6 -1.10581e+06 2.66717e+07 -6.43315e+08 1.55166e+10 -3.74256e+11 9.02696e+12 -2.17728e+14 5.25154e+15 -1.26666e+17 3.05515e+18 -7.36893e+19 1.77737e+21 -4.28696e+22 1.034e+24
0.0459122 0.165286 -2.5574 63.2443 -1523.76 36754.6 -886509 2.13824e+07 -5.15737e+08 1.24394e+10 -3.00036e+11 7.23679e+12 -1.74549e+14 4.21009e+15 -1.01546e+17 2.44927e+18 -5.90757e+19 1.42489e+21 -3.4368e+22 8.28946e+23
-0.0436368 0.0429107 -1.88095 44.6587 -1077.75 25994.6 -626983 1.51227e+07 -3.64755e+08 8.79779e+09 -2.122e+11 5.11822e+12 -1.2345e+14 2.97758e+15 -7.18185e+16 1.73224e+18 -4.17813e+19 1.00775e+21 -2.43067e+22 5.86272e+23
-0.0335106 0.0136962 -0.965532 22.7855 -549.974 13264.9 -319947 7.71703e+06 -1.86133e+08 4.48947e+09 -1.08285e+11 2.6118e+12 -6.2996e+13 1.51945e+15 -3.66487e+16 8.83956e+17 -2.13208e+19 5.14252e+20 -1.24036e+22 2.99172e+23
-0.0253443 -0.00277707 -0.407487 9.46917 -228.658 5514.99 -133020 3.20842e+06 -7.73861e+07 1.86653e+09 -4.50203e+10 1.08588e+12 -2.61911e+13 6.31722e+14 -1.5237e+16 3.67512e+17 -8.86429e+18 2.13804e+20 -5.1569e+21 1.24383e+23
-0.0194708 0.00657676 -0.501414 11.8502 -285.986 6897.81 -166373 4.01288e+06 -9.67897e+07 2.33454e+09 -5.63085e+10 1.35815e+12 -3.27581e+13 7.90118e+14 -1.90574e+16 4.5966e+17 -1.10869e+19 2.67413e+20 -6.44993e+21 1.55571e+23
-0.0142752 0.0156826 -0.601564 14.3728 -346.733 8363.11 -201716 4.86533e+06 -1.17351e+08 2.83047e+09 -6.82701e+10 1.64666e+12 -3.97169e+13 9.57962e+14 -2.31058e+16 5.57305e+17 -1.34421e+19 3.24219e+20 -7.82008e+21 1.88618e+23
-0.00959813 0.0252894 -0.722085 17.3814 -419.208 10111.3 -243881 5.88234e+06 -1.4188e+08 3.42212e+09 -8.25406e+10 1.99086e+12 -4.8019e+13 1.15821e+15 -2.79356e+16 6.73799e+17 -1.62519e+19 3.91991e+20 -9.45471e+21 2.28045e+23
-0.00527603 0.0357432 -0.867443 20.9875 -506.09 12206.9 -294428 7.10152e+06 -1.71287e+08 4.13139e+09 -9.96481e+10 2.40349e+12 -5.79714e+13 1.39826e+15 -3.37256e+16 8.13452e+17 -1.96202e+19 4.73235e+20 -1.14143e+22 2.7531e+23
-0.00115814 0.0474355 -1.04333 25.3316 -610.771 14731.9 -355329 8.57045e+06 -2.06717e+08 4.98596e+09 -1.2026e+11 2.90064e+12 -6.99626e+13 1.68748e+15 -4.07016e+16 9.81712e+17 -2.36786e+19 5.71122e+20 -1.37753e+22 3.32257e+23
0.0029026 0.0607183 -1.2545 30.5323 -736.106 17755.1 -428247 1.03292e+07 -2.49138e+08 6.00913e+09 -1.44939e+11 3.49588e+12 -8.43198e+13 2.03377e+15 -4.9054e+16 1.18317e+18 -2.85378e+19 6.88323e+20 -1.66022e+22 4.0044e+23
0.00704767 0.076049 -1.50822 36.7682 -886.398 21380.2 -515683 1.24382e+07 -3.00005e+08 7.23604e+09 -1.74531e+11 4.20965e+12 -1.01536e+14 2.44901e+15 -5.90696e+16 1.42474e+18 -3.43644e+19 8.28861e+20 -1.99919e+22 4.82199e+23
0.0114221 0.0939295 -1.81256 44.2383 -1066.44 25723 -620431 1.49646e+07 -3.60943e+08 8.70584e+09 -2.09983e+11 5.06473e+12 -1.2216e+14 2.94646e+15 -7.10679e+16 1.71414e+18 -4.13446e+19 9.97221e+20 -2.40527e+22 5.80145e+23
0.0161792 0.114898 -2.17616 53.1557 -1281.38 30907.2 -745473 1.79806e+07 -4.33688e+08 1.04604e+10 -2.52303e+11 6.08548e+12 -1.4678e+14 3.5403e+15 -8.53911e+16 2.05961e+18 -4.96773e+19 1.1982e+21 -2.89003e+22 6.97068e+23
0.0214719 0.139885 -2.61628 63.9429 -1541.38 37178.6 -896738 2.16291e+07 -5.21688e+08 1.2583e+10 -3.03498e+11 7.32029e+12 -1.76564e+14 4.25867e+15 -1.02718e+17 2.47753e+18 -5.97574e+19 1.44133e+21 -3.47645e+22 8.38512e+23
0.0275236 0.169162 -3.13246 76.5966 -1846.37 44535.1 -1.07417e+06 2.59088e+07 -6.24913e+08 1.50727e+10 -3.6355e+11 8.76874e+12 -2.115e+14 5.10132e+15 -1.23042e+17 2.96775e+18 -7.15814e+19 1.72652e+21 -4.16433e+22 1.00443e+24
0.0356607 0.182301 -3.21581 78.8617 -1900.73 45846.6 -1.10581e+06 2.66717e+07 -6.43315e+08 1.55166e+10 -3.74256e+11 9.02696e+12 -2.17728e+14 5.25154e+15 -1.26666e+17 3.05515e+18 -7.36893e+19 1.77737e+21 -4.28696e+22 1.034e+24
0.0459122 0.165286 -2.5574 63.2443 -1523.76 36754.6 -886509 2.13824e+07 -5.15737e+08 1.24394e+10 -3.00036e+11 7.23679e+12 -1.74549e+14 4.21009e+15 -1.01546e+17 2.44927e+18 -5.90757e+19 1.42489e+21 -3.4368e+22 8.28946e+23
-0.0436368 0.0429107 -1.88095 44.6587 -1077.75 25994.6 -626983 1.51227e+07 -3.64755e+08 8.79779e+09 -2.122e+11 5.11822e+12 -1.2345e+14 2.97758e+15 -7.18185e+16 1.73224e+18 -4.17813e+19 1.00775e+21 -2.43067e+22 5.86272e+23
-0.0335106 0.0136962 -0.965532 22.7855 -549.974 13264.9 -319947 7.71703e+06 -1.86133e+08 4.48947e+09 -1.08285e+11 2.6118e+12 -6.2996e+13 1.51945e+15 -3.66487e+16 8.83956e+17 -2.13208e+19 5.14252e+20 -1.24036e+22 2.99172e+23
-0.0253443 -0.00277707 -0.407487 9.46917 -228.658 5514.99 -133020 3.20842e+06 -7.73861e+07 1.86653e+09 -4.50203e+10 1.08588e+12 -2.61911e+13 6.31722e+14 -1.5237e+16 3.67512e+17 -8.86429e+18 2.13804e+20 -5.1569e+21 1.24383e+23
-0.0194708 0.00657675 -0.501414 11.8502 -285.986 6897.81 -166373 4.01288e+06 -9.67897e+07 2.33454e+09 -5.63085e+10 1.35815e+12 -3.27581e+13 7.90118e+14 -1.90574e+16 4.5966e+17 -1.10869e+19 2.67413e+20 -6.44993e+21 1.55571e+23
-0.0142752 0.0156826 -0.601564 14.3728 -346.733 8363.11 -201716 4.86533e+06 -1.17351e+08 2.83047e+09 -6.82701e+10 1.64666e+12 -3.97169e+13 9.57962e+14 -2.31058e+16 5.57305e+17 -1.34421e+19 3.24219e+20 -7.82008e+21 1.88618e+23
-0.00959813 0.0252894 -0.722085 17.3814 -419.208 10111.3 -243881 5.88234e+06 -1.4188e+08 3.42212e+09 -8.25406e+10 1.99086e+12 -4.8019e+13 1.15821e+15 -2.79356e+16 6.73799e+17 -1.62519e+19 3.91991e+20 -9.45471e+21 2.28045e+23
-0.00527604 0.0357432 -0.867443 20.9875 -506.09 12206.9 -294428 7.10152e+06 -1.71287e+08 4.13139e+09 -9.96481e+10 2.40349e+12 -5.79714e+13 1.39826e+15 -3.37256e+16 8.13452e+17 -1.96202e+19 4.73235e+20 -1.14143e+22 2.7531e+23
-0.00115815 0.0474355 -1.04333 25.3316 -610.771 14731.9 -355329 8.57045e+06 -2.06717e+08 4.98596e+09 -1.2026e+11 2.90064e+12 -6.99626e+13 1.68748e+15 -4.07016e+16 9.81712e+17 -2.36786e+19 5.71122e+20 -1.37753e+22 3.32257e+23
0.0029026 0.0607183 -1.2545 30.5323 -736.106 17755.1 -428247 1.03292e+07 -2.49138e+08 6.00913e+09 -1.44939e+11 3.49588e+12 -8.43198e+13 2.03377e+15 -4.9054e+16 1.18317e+18 -2.85378e+19 6.88323e+20 -1.66022e+22 4.0044e+23
0.00704767 0.076049 -1.50822 36.7682 -886.398 21380.2 -515683 1.24382e+07 -3.00005e+08 7.23604e+09 -1.74531e+11 4.20965e+12 -1.01536e+14 2.44901e+15 -5.90696e+16 1.42474e+18 -3.43644e+19 8.28861e+20 -1.99919e+22 4.82199e+23
0.0114221 0.0939295 -1.81256 44.2383 -1066.44 25723 -620431 1.49646e+07 -3.60943e+08 8.70584e+09 -2.09983e+11 5.06473e+12 -1.2216e+14 2.94646e+15 -7.10679e+16 1.71414e+18 -4.13446e+19 9.97221e+20 -2.40527e+22 5.80145e+23
0.0161792 0.114898 -2.17616 53.1557 -1281.38 30907.2 -745473 1.79806e+07 -4.33688e+08 1.04604e+10 -2.52303e+11 6.08548e+12 -1.4678e+14 3.5403e+15 -8.53911e+16 2.05961e+18 -4.96773e+19 1.1982e+21 -2.89003e+22 6.97068e+23
0.0214719 0.139885 -2.61628 63.9429 -1541.38 37178.6 -896738 2.16291e+07 -5.21688e+08 1.2583e+10 -3.03498e+11 7.32029e+12 -1.76564e+14 4.25867e+15 -1.02718e+17 2.47753e+18 -5.97574e+19 1.44133e+21 -3.47645e+22 8.38512e+23
0.0275236 0.169162 -3.13246 76.5966 -1846.37 44535.1 -1.07417e+06 2.59088e+07 -6.24913e+08 1.50727e+10 -3.6355e+11 8.76874e+12 -2.115e+14 5.10132e+15 -1.23042e+17 2.96775e+18 -7.15814e+19 1.72652e+21 -4.16433e+22 1.00443e+24
0.0356607 0.182301 -3.21581 78.8617 -1900.73 45846.6 -1.10581e+06 2.66717e+07 -6.43315e+08 1.55166e+10 -3.74256e+11 9.02696e+12 -2.17728e+14 5.25154e+15 -1.26666e+17 3.05515e+18 -7.36893e+19 1.77737e+21 -4.28696e+22 1.034e+24
0.0459122 0.165286 -2.5574 63.2443 -1523.76 36754.6 -886509 2.13824e+07 -5.15737e+08 1.24394e+10 -3.00036e+11 7.23679e+12 -1.74549e+14 4.21009e+15 -1.01546e+17 2.44927e+18 -5.90757e+19 1.42489e+21 -3.4368e+22 8.28946e+23
-0.0436368 0.0429107 -1.88095 44.6587 -1077.75 25994.6 -626983 1.51227e+07 -3.64755e+08 8.79779e+09 -2.122e+11 5.11822e+12 -1.2345e+14 2.97758e+15 -7.18185e+16 1.73224e+18 -4.17813e+19 1.00775e+21 -2.43067e+22 5.86272e+23
-0.0335106 0.0136962 -0.965532 22.7855 -549.974 13264.9 -319947 7.71703e+06 -1.86133e+08 4.48947e+09 -1.08285e+11 2.6118e+12 -6.2996e+13 1.51945e+15 -3.66487e+16 8.83956e+17 -2.13208e+19 5.14252e+20 -1.24036e+22 2.99172e+23
-0.0253443 -0.00277707 -0.407487 9.46917 -228.658 5514.99 -133020 3.20842e+06 -7.73861e+07 1.86653e+09 -4.50203e+10 1.08588e+12 -2.61911e+13 6.31722e+14 -1.5237e+16 3.67512e+17 -8.86429e+18 2.13804e+20 -5.1569e+21 1.24383e+23
-0.0194708 0.00657675 -0.501414 11.8502 -285.986 6897.81 -166373 4.01288e+06 -9.67897e+07 2.33454e+09 -5.63085e+10 1.35815e+12 -3.27581e+13 7.90118e+14 -1.90574e+16 4.5966e+17 -1.10869e+19 2.67413e+20 -6.44993e+21 1.55571e+23
-0.0142752 0.0156826 -0.601564 14.3728 -346.733 8363.11 -201716 4.86533e+06 -1.17351e+08 2.83047e+09 -6.82701e+10 1.64666e+12 -3.97169e+13 9.57962e+14 -2.31058e+16 5.57305e+17 -1.34421e+19 3.24219e+20 -7.82008e+21 1.88618e+23
-0.00959813 0.0252894 -0.722085 17.3814 -419.208 10111.3 -243881 5.88234e+06 -1.4188e+08 3.42212e+09 -8.25406e+10 1.99086e+12 -4.8019e+13 1.15821e+15 -2.79356e+16 6.73799e+17 -1.62519e+19 3.91991e+20 -9.45471e+21 2.28045e+23
-0.00527604 0.0357432 -0.867443 20.9875 -506.09 12206.9 -294428 7.10152e+06 -1.71287e+08 4.13139e+09 -9.96481e+10 2.40349e+12 -5.79714e+13 1.39826e+15 -3.37256e+16 8.13452e+17 -1.96202e+19 4.73235e+20 -1.14143e+22 2.7531e+23
-0.00115815 0.0474355 -1.04333 25.3316 -610.771 14731.9 -355329 8.57045e+06 -2.06717e+08 4.98596e+09 -1.2026e+11 2.90064e+12 -6.99626e+13 1.68748e+15 -4.07016e+16 9.81712e+17 -2.36786e+19 5.71122e+20 -1.37753e+22 3.32257e+23
0.0029026 0.0607183 -1.2545 30.5323 -736.106 17755.1 -428247 1.03292e+07 -2.49138e+08 6.00913e+09 -1.44939e+11 3.49588e+12 -8.43198e+13 2.03377e+15 -4.9054e+16 1.18317e+18 -2.85378e+19 6.88323e+20 -1.66022e+22 4.0044e+23
0.00704767 0.076049 -1.50822 36.7682 -886.398 21380.2 -515683 1.24382e+07 -3.00005e+08 7.23604e+09 -1.74531e+11 4.20965e+12 -1.01536e+14 2.44901e+15 -5.90696e+16 1.42474e+18 -3.43644e+19 8.28861e+20 -1.99919e+22 4.82199e+23
0.0114221 0.0939295 -1.81256 44.2383 -1066.44 25723 -620431 1.49646e+07 -3.60943e+08 8.70584e+09 -2.09983e+11 5.06473e+12 -1.2216e+14 2.94646e+15 -7.10679e+16 1.71414e+18 -4.13446e+19 9.97221e+20 -2.40527e+22 5.80145e+23
0.0161792 0.114898 -2.17616 53.1557 -1281.38 30907.2 -745473 1.79806e+07 -4.33688e+08 1.04604e+10 -2.52303e+11 6.08548e+12 -1.4678e+14 3.5403e+15 -8.53911e+16 2.05961e+18 -4.96773e+19 1.1982e+21 -2.89003e+22 6.97068e+23
0.0214719 0.139885 -2.61628 63.9429 -1541.38 37178.6 -896738 2.16291e+07 -5.21688e+08 1.2583e+10 -3.03498e+11 7.32029e+12 -1.76564e+14 4.25867e+15 -1.02718e+17 2.47753e+18 -5.97574e+19 1.44133e+21 -3.47645e+22 8.38512e+23
0.0275236 0.169162 -3.13246 76.5966 -1846.37 44535.1 -1.07417e+06 2.59088e+07 -6.24913e+08 1.50727e+10 -3.6355e+11 8.76874e+12 -2.115e+14 5.10132e+15 -1.23042e+17 2.96775e+18 -7.15814e+19 1.72652e+21 -4.16433e+22 1.00443e+24
0.0356607 0.182301 -3.21581 78.8617 -1900.73 45846.6 -1.10581e+06 2.66717e+07 -6.43315e+08 1.55166e+10 -3.74256e+11 9.02696e+12 -2.17728e+14 5.25154e+15 -1.26666e+17 3.05515e+18 -7.36893e+19 1.77737e+21 -4.28696e+22 1.034e+24
0.0459122 0.165286 -2.5574 63.2443 -1523.76 36754.6 -886509 2.13824e+07 -5.15737e+08 1.24394e+10 -3.00036e+11 7.23679e+12 -1.74549e+14 4.21009e+15 -1.01546e+17 2.44927e+18 -5.90757e+19 1.42489e+21 -3.4368e+22 8.28946e+23
-0.0436368 0.0429107 -1.88095 44.6587 -1077.75 25994.6 -626983 1.51227e+07 -3.64755e+08 8.79779e+09 -2.122e+11 5.11822e+12 -1.2345e+14 2.97758e+15 -7.18185e+16 1.73224e+18 -4.17813e+19 1.00775e+21 -2.43067e+22 5.86272e+23
-0.0335106 0.0136962 -0.965532 22.7855 -549.974 13264.9 -319947 7.71703e+06 -1.86133e+08 4.48947e+09 -1.08285e+11 2.6118e+12 -6.2996e+13 1.51945e+15 -3.66487e+16 8.83956e+17 -2.13208e+19 5.14252e+20 -1.24036e+22 2.99172e+23
-0.0253443 -0.00277707 -0.407487 9.46917 -228.658 5514.99 -133020 3.20842e+06 -7.73861e+07 1.86653e+09 -4.50203e+10 1.08588e+12 -2.61911e+13 6.31722e+14 -1.5237e+16 3.67512e+17 -8.86429e+18 2.13804e+20 -5.1569e+21 1.24383e+23
-0.0194708 0.00657675 -0.501414 11.8502 -285.986 6897.81 -166373 4.01288e+06 -9.67897e+07 2.33454e+09 -5.63085e+10 1.35815e+12 -3.27581e+13 7.90118e+14 -1.90574e+16 4.5966e+17 -1.10869e+19 2.67413e+20 -6.44993e+21 1.55571e+23
-0.0142752 0.0156826 -0.601564 14.3728 -346.733 8363.11 -201716 4.86533e+06 -1.17351e+08 2.83047e+09 -6.82701e+10 1.64666e+12 -3.97169e+13 9.57962e+14 -2.31058e+16 5.57305e+17 -1.34421e+19 3.24219e+20 -7.82008e+21 1.88618e+23
-0.00959813 0.0252894 -0.722085 17.3814 -419.208 10111.3 -243881 5.88234e+06 -1.4188e+08 3.42212e+09 -8.25406e+10 1.99086e+12 -4.8019e+13 1.15821e+15 -2.79356e+16 6.73799e+17 -1.62519e+19 3.91991e+20 -9.45471e+21 2.28045e+23
-0.00527604 0.0357432 -0.867443 20.9875 -506.09 12206.9 -294428 7.10152e+06 -1.71287e+08 4.13139e+09 -9.96481e+10 2.40349e+12 -5.79714e+13 1.39826e+15 -3.37256e+16 8.13452e+17 -1.96202e+19 4.73235e+20 -1.14143e+22 2.7531e+23
-0.00115815 0.0474355 -1.04333 25.3316 -610.771 14731.9 -355329 8.57045e+06 -2.06717e+08 4.98596e+09 -1.2026e+11 2.90064e+12 -6.99626e+13 1.68748e+15 -4.07016e+16 9.81712e+17 -2.36786e+19 5.71122e+20 -1.37753e+22 3.32257e+23
0.0029026 0.0607183 -1.2545 30.5323 -736.106 17755.1 -428247 1.03292e+07 -2.49138e+08 6.00913e+09 -1.44939e+11 3.49588e+12 -8.43198e+13 2.03377e+15 -4.9054e+16 1.18317e+18 -2.85378e+19 6.88323e+20 -1.66022e+22 4.0044e+23
0.00704767 0.076049 -1.50822 36.7682 -886.398 21380.2 -515683 1.24382e+07 -3.00005e+08 7.23604e+09 -1.74531e+11 4.20965e+12 -1.01536e+14 2.44901e+15 -5.90696e+16 1.42474e+18 -3.43644e+19 8.28861e+20 -1.99919e+22 4.82199e+23
0.0114221 0.0939295 -1.81256 44.2383 -1066.44 25723 -620431 1.49646e+07 -3.60943e+08 8.70584e+09 -2.09983e+11 5.06473e+12 -1.2216e+14 2.94646e+15 -7.10679e+16 1.71414e+18 -4.13446e+19 9.97221e+20 -2.40527e+22 5.80145e+23
0.0161792 0.114898 -2.17616 53.1557 -1281.38 30907.2 -745473 1.79806e+07 -4.33688e+08 1.04604e+10 -2.52303e+11 6.08548e+12 -1.4678e+14 3.5403e+15 -8.53911e+16 2.05961e+18 -4.96773e+19 1.1982e+21 -2.89003e+22 6.97068e+23
0.0214719 0.139885 -2.61628 63.9429 -1541.38 37178.6 -896738 2.16291e+07 -5.21688e+08 1.2583e+10 -3.03498e+11 7.32029e+12 -1.76564e+14 4.25867e+15 -1.02718e+17 2.47753e+18 -5.97574e+19 1.44133e+21 -3.47645e+22 8.38512e+23
0.0275236 0.169162 -3.13246 76.5966 -1846.37 44535.1 -1.07417e+06 2.59088e+07 -6.24913e+08 1.50727e+10 -3.6355e+11 8.76874e+12 -2.115e+14 5.10132e+15 -1.23042e+17 2.96775e+18 -7.15814e+19 1.72652e+21 -4.16433e+22 1.00443e+24
0.0356607 0.182301 -3.21581 78.8617 -1900.73 45846.6 -1.10581e+06 2.66717e+07 -6.43315e+08 1.55166e+10 -3.74256e+11 9.02696e+12 -2.17728e+14 5.25154e+15 -1.26666e+17 3.05515e+18 -7.36893e+19 1.77737e+21 -4.28696e+22 1.034e+24
0.0459122 0.165286 -2.5574 63.2443 -1523.76 36754.6 -886509 2.13824e+07 -5.15737e+08 1.24394e+10 -3.00036e+11 7.23679e+12 -1.74549e+14 4.21009e+15 -1.01546e+17 2.44927e+18 -5.90757e+19 1.42489e+21 -3.4368e+22 8.28946e+23
-0.0436368 0.0429107 -1.88095 44.6587 -1077.75 25994.6 -626983 1.51227e+07 -3.64755e+08 8.79779e+09 -2.122e+11 5.11822e+12 -1.2345e+14 2.97758e+15 -7.18185e+16 1.73224e+18 -4.17813e+19 1.00775e+21 -2.43067e+22 5.86272e+23
-0.0335106 0.0136962 -0.965532 22.7855 -549.974 13264.9 -319947 7.71703e+06 -1.86133e+08 4.48947e+09 -1.08285e+11 2.6118e+12 -6.2996e+13 1.51945e+15 -3.66487e+16 8.83956e+17 -2.13208e+19 5.14252e+20 -1.24036e+22 2.99172e+23
-0.0253443 -0.00277707 -0.407487 9.46917 -228.658 5514.99 -133020 3.20842e+06 -7.73861e+07 1.86653e+09 -4.50203e+10 1.08588e+12 -2.61911e+13 6.31722e+14 -1.5237e+16 3.67512e+17 -8.86429e+18 2.13804e+20 -5.1569e+21 1.24383e+23
-0.0194708 0.00657675 -0.501414 11.8502 -285.986 6897.81 -166373 4.01288e+06 -9.67897e+07 2.33454e+09 -5.63085e+10 1.35815e+12 -3.27581e+13 7.90118e+14 -1.90574e+16 4.5966e+17 -1.10869e+19 2.67413e+20 -6.44993e+21 1.55571e+23
-0.0142752 0.0156826 -0.601564 14.3728 -346.733 8363.11 -201716 4.86533e+06 -1.17351e+08 2.83047e+09 -6.82701e+10 1.64666e+12 -3.97169e+13 9.57962e+14 -2.31058e+16 5.57305e+17 -1.34421e+19 3.24219e+20 -7.82008e+21 1.88618e+23
-0.00959813 0.0252894 -0.722085 17.3814 -419.208 10111.3 -243881 5.88234e+06 -1.4188e+08 3.42212e+09 -8.25406e+10 1.99086e+12 -4.8019e+13 1.15821e+15 -2.79356e+16 6.73799e+17 -1.62519e+19 3.91991e+20 -9.45471e+21 2.28045e+23
-0.00527604 0.0357432 -0.867443 20.9875 -506.09 12206.9 -294428 7.10152e+06 -1.71287e+08 4.13139e+09 -9.96481e+10 2.40349e+12 -5.79714e+13 1.39826e+15 -3.37256e+16 8.13452e+17 -1.96202e+19 4.73235e+20 -1.14143e+22 2.7531e+23
