-0.102514 -0.102514 -0.102514 -0.102514 -0.102514 -0.102514 -0.102514 -0.102514 -0.102514 -0.102514 -0.102514 -0.102514 -0.102514 -0.102514 -0.102514 -0.102514 -0.102514 -0.102514 -0.102514 -0.102514
-0.102514 -0.102514 -0.102514 -0.102514 -0.102514 -0.102514 -0.102514 -0.102514 -0.102514 -0.102514 -0.102514 -0.102514 -0.102514 -0.102514 -0.102514 -0.102514 -0.102514 -0.102514 -0.102514 -0.102514
-0.102514 -0.102514 -0.102514 -0.102514 -0.102514 -0.102514 -0.102514 -0.102514 -0.102514 -0.102514 -0.102514 -0.102514 -0.102514 -0.102514 -0.102514 -0.102514 -0.102514 -0.102514 -0.102514 -0.102514
-0.102514 -0.102514 -0.102514 -0.102514 -0.102514 -0.102514 -0.102514 -0.102514 -0.102514 -0.102514 -0.102514 -0.102514 -0.102514 -0.102514 -0.102514 -0.102514 -0.102514 -0.102514 -0.102514 -0.102514
-0.102514 -0.102514 -0.102514 -0.102514 -0.102514 -0.102514 -0.102514 -0.102514 -0.102514 -0.102514 -0.102514 -0.102514 -0.102514 -0.102514 -0.102514 -0.102514 -0.102514 -0.102514 -0.102514 -0.102514
-0.102514 -0.102514 -0.102514 -0.102514 -0.102514 -0.102514 -0.102514 -0.102514 -0.102514 -0.102514 -0.102514 -0.102514 -0.102514 -0.102514 -0.102514 -0.102514 -0.102514 -0.102514 -0.102514 -0.102514
-0.102514 -0.102514 -0.102514 -0.102514 -0.102514 -0.102514 -0.102514 -0.102514 -0.102514 -0.102514 -0.102514 -0.102514 -0.102514 -0.102514 -0.102514 -0.102514 -0.102514 -0.102514 -0.102514 -0.102514
-0.102514 -0.102514 -0.102514 -0.102514 -0.102514 -0.102514 -0.102514 -0.102514 -0.102514 -0.102514 -0.102514 -0.102514 -0.102514 -0.102514 -0.102514 -0.102514 -0.102514 -0.102514 -0.102514 -0.102514
-0.102514 -0.102514 -0.102514 -0.102514 -0.102514 -0.102514 -0.102514 -0.102514 -0.102514 -0.102514 -0.102514 -0.102514 -0.102514 -0.102514 -0.102514 -0.102514 -0.102514 -0.102514 -0.102514 -0.102514
-0.102514 -0.102514 -0.102514 -0.102514 -0.102514 -0.102514 -0.102514 -0.102514 -0.102514 -0.102514 -0.102514 -0.102514 -0.102514 -0.102514 -0.102514 -0.102514 -0.102514 -0.102514 -0.102514 -0.102514
-0.102514 -0.102514 -0.102514 -0.102514 -0.102514 -0.102514 -0.102514 -0.102514 -0.102514 -0.102514 -0.102514 -0.102514 -0.102514 -0.102514 -0.102514 -0.102514 -0.102514 -0.102514 -0.102514 -0.102514
-0.102514 -0.102514 -0.102514 -0.102514 -0.102514 -0.102514 -0.102514 -0.102514 -0.102514 -0.102514 -0.102514 -0.102514 -0.102514 -0.102514 -0.102514 -0.102514 -0.102514 -0.102514 -0.102514 -0.102514
-0.102514 -0.102514 -0.102514 -0.102514 -0.102514 -0.102514 -0.102514 -0.102514 -0.102514 -0.102514 -0.102514 -0.102514 -0.102514 -0.102514 -0.102514 -0.102514 -0.102514 -0.102514 -0.102514 -0.102514
-0.102514 -0.102514 -0.102514 -0.102514 -0.102514 -0.102514 -0.102514 -0.102514 -0.102514 -0.102514 -0.102514 -0.102514 -0.102514 -0.102514 -0.102514 -0.102514 -0.102514 -0.102514 -0.102514 -0.102514
-0.102514 -0.102514 -0.102514 -0.102514 -0.102514 -0.102514 -0.102514 -0.102514 -0.102514 -0.102514 -0.102514 -0.102514 -0.102514 -0.102514 -0.102514 -0.102514 -0.102514 -0.102514 -0.102514 -0.102514
-0.102514 -0.102514 -0.102514 -0.102514 -0.102514 -0.102514 -0.102514 -0.102514 -0.102514 -0.102514 -0.102514 -0.102514 -0.102514 -0.102514 -0.102514 -0.102514 -0.102514 -0.102514 -0.102514 -0.102514
-0.102514 -0.102514 -0.102514 -0.102514 -0.102514 -0.102514 -0.102514 -0.102514 -0.102514 -0.102514 -0.102514 -0.102514 -0.102514 -0.102514 -0.102514 -0.102514 -0.102514 -0.102514 -0.102514 -0.102514
-0.102514 -0.102514 -0.102514 -0.102514 -0.102514 -0.102514 -0.102514 -0.102514 -0.102514 -0.102514 -0.102514 -0.102514 -0.102514 -0.102514 -0.102514 -0.102514 -0.102514 -0.102514 -0.102514 -0.102514
-0.102514 -0.102514 -0.102514 -0.102514 -0.102514 -0.102514 -0.102514 -0.102514 -0.102514 -0.102514 -0.102514 -0.102514 -0.102514 -0.102514 -0.102514 -0.102514 -0.102514 -0.102514 -0.102514 -0.102514
-0.102514 -0.102514 -0.102514 -0.102514 -0.102514 -0.102514 -0.102514 -0.102514 -0.102514 -0.102514 -0.102514 -0.102514 -0.102514 -0.102514 -0.102514 -0.102514 -0.102514 -0.102514 -0.102514 -0.102514
-0.102514 -0.102514 -0.102514 -0.102514 -0.102514 -0.102514 -0.102514 -0.102514 -0.102514 -0.102514 -0.102514 -0.102514 -0.102514 -0.102514 -0.102514 -0.102514 -0.102514 -0.102514 -0.102514 -0.102514
-0.102514 -0.102514 -0.102514 -0.102514 -0.102514 -0.102514 -0.102514 -0.102514 -0.102514 -0.102514 -0.102514 -0.102514 -0.102514 -0.102514 -0.102514 -0.102514 -0.102514 -0.102514 -0.102514 -0.0971503
-0.102514 -0.102514 -0.102514 -0.102514 -0.102514 -0.102514 -0.102514 -0.102514 -0.102514 -0.102514 -0.102514 -0.102514 -0.102514 -0.102514 -0.102514 -0.102514 -0.102514 -0.102514 -0.0971503 -0.0558935
-0.102514 -0.102514 -0.102514 -0.102514 -0.102514 -0.102514 -0.102514 -0.102514 -0.102514 -0.102514 -0.102514 -0.102514 -0.102514 -0.102514 -0.102514 -0.102514 -0.102514 -0.0971503 -0.0558935 -0.02
-0.102514 -0.102514 -0.102514 -0.102514 -0.102514 -0.102514 -0.102514 -0.102514 -0.102514 -0.102514 -0.102514 -0.102514 -0.102514 -0.102514 -0.102514 -0.102514 -0.0971503 -0.0558935 -0.02 -0.02
-0.102514 -0.102514 -0.102514 -0.102514 -0.102514 -0.102514 -0.102514 -0.102514 -0.102514 -0.102514 -0.102514 -0.102514 -0.102514 -0.102514 -0.102514 -0.0971503 -0.0558935 -0.02 -0.02 -0.02
-0.102514 -0.102514 -0.102514 -0.102514 -0.102514 -0.102514 -0.102514 -0.102514 -0.102514 -0.102514 -0.102514 -0.102514 -0.102514 -0.102514 -0.0971503 -0.0558935 -0.02 -0.02 -0.02 -0.02
-0.102514 -0.102514 -0.102514 -0.102514 -0.102514 -0.102514 -0.102514 -0.102514 -0.102514 -0.102514 -0.102514 -0.102514 -0.102514 -0.0971503 -0.0558935 -0.02 -0.02 -0.02 -0.02 -0.02
-0.102514 -0.102514 -0.102514 -0.102514 -0.102514 -0.102514 -0.102514 -0.102514 -0.102514 -0.102514 -0.102514 -0.102514 -0.0971503 -0.0558935 -0.02 -0.02 -0.02 -0.02 -0.02 -0.02
-0.102514 -0.102514 -0.102514 -0.102514 -0.102514 -0.102514 -0.102514 -0.102514 -0.102514 -0.102514 -0.102514 -0.0971503 -0.0558935 -0.02 -0.02 -0.02 -0.02 -0.02 -0.02 -0.02
-0.102514 -0.102514 -0.102514 -0.102514 -0.102514 -0.102514 -0.102514 -0.102514 -0.102514 -0.102514 -0.0971503 -0.0558935 -0.02 -0.02 -0.02 -0.02 -0.02 -0.02 -0.02 -0.02
-0.102514 -0.102514 -0.102514 -0.102514 -0.102514 -0.102514 -0.102514 -0.102514 -0.102514 -0.0971503 -0.0558935 -0.02 -0.02 -0.02 -0.02 -0.02 -0.02 -0.02 -0.02 -0.02
-0.102514 -0.102514 -0.102514 -0.102514 -0.102514 -0.102514 -0.102514 -0.102514 -0.0971503 -0.0558935 -0.02 -0.02 -0.02 -0.02 -0.02 -0.02 -0.02 -0.02 -0.02 -0.02
-0.102514 -0.102514 -0.102514 -0.102514 -0.102514 -0.102514 -0.102514 -0.0971503 -0.0558935 -0.02 -0.02 -0.02 -0.02 -0.02 -0.02 -0.02 -0.02 -0.02 -0.02 -0.02
-0.102514 -0.102514 -0.102514 -0.102514 -0.102514 -0.102514 -0.0971503 -0.0558935 -0.02 -0.02 -0.02 -0.02 -0.02 -0.02 -0.02 -0.02 -0.02 -0.02 -0.02 -0.02
-0.102514 -0.102514 -0.102514 -0.102514 -0.102514 -0.0971503 -0.0558935 -0.02 -0.02 -0.02 -0.02 -0.02 -0.02 -0.02 -0.02 -0.02 -0.02 -0.02 -0.02 -0.0256875
-0.102514 -0.102514 -0.102514 -0.102514 -0.0971503 -0.0558935 -0.02 -0.02 -0.02 -0.02 -0.02 -0.02 -0.02 -0.02 -0.02 -0.02 -0.02 -0.02 -0.0256875 -0.0694375
-0.102514 -0.102514 -0.102514 -0.0971503 -0.0558935 -0.02 -0.02 -0.02 -0.02 -0.02 -0.02 -0.02 -0.02 -0.02 -0.02 -0.02 -0.02 -0.0256875 -0.0694375 -0.113187
-0.102514 -0.102514 -0.0971503 -0.0558935 -0.02 -0.02 -0.02 -0.02 -0.02 -0.02 -0.02 -0.02 -0.02 -0.02 -0.02 -0.02 -0.0256875 -0.0694375 -0.113187 -0.156937
-0.102514 -0.0971503 -0.0558935 -0.02 -0.02 -0.02 -0.02 -0.02 -0.02 -0.02 -0.02 -0.02 -0.02 -0.02 -0.02 -0.0256875 -0.0694375 -0.113187 -0.156937 -0.195
-0.0971503 -0.0558935 -0.02 -0.02 -0.02 -0.02 -0.02 -0.02 -0.02 -0.02 -0.02 -0.02 -0.02 -0.02 -0.0256875 -0.0694375 -0.113187 -0.156937 -0.195 -0.195
-0.0558935 -0.02 -0.02 -0.02 -0.02 -0.02 -0.02 -0.02 -0.02 -0.02 -0.02 -0.02 -0.02 -0.0256875 -0.0694375 -0.113187 -0.156937 -0.195 -0.195 -0.195
-0.02 -0.02 -0.02 -0.02 -0.02 -0.02 -0.02 -0.02 -0.02 -0.02 -0.02 -0.02 -0.0256875 -0.0694375 -0.113187 -0.156937 -0.195 -0.195 -0.195 -0.195
-0.02 -0.02 -0.02 -0.02 -0.02 -0.02 -0.02 -0.02 -0.02 -0.02 -0.02 -0.0256875 -0.0694375 -0.113187 -0.156937 -0.195 -0.195 -0.195 -0.195 -0.195
-0.02 -0.02 -0.02 -0.02 -0.02 -0.02 -0.02 -0.02 -0.02 -0.02 -0.0256875 -0.0694375 -0.113187 -0.156937 -0.195 -0.195 -0.195 -0.195 -0.195 -0.195
-0.02 -0.02 -0.02 -0.02 -0.02 -0.02 -0.02 -0.02 -0.02 -0.0256875 -0.0694375 -0.113187 -0.156937 -0.195 -0.195 -0.195 -0.195 -0.195 -0.195 -0.195
-0.02 -0.02 -0.02 -0.02 -0.02 -0.02 -0.02 -0.02 -0.0256875 -0.0694375 -0.113187 -0.156937 -0.195 -0.195 -0.195 -0.195 -0.195 -0.195 -0.195 -0.195
-0.02 -0.02 -0.02 -0.02 -0.02 -0.02 -0.02 -0.0256875 -0.0694375 -0.113187 -0.156937 -0.195 -0.195 -0.195 -0.195 -0.195 -0.195 -0.195 -0.195 -0.195
-0.02 -0.02 -0.02 -0.02 -0.02 -0.02 -0.0256875 -0.0694375 -0.113187 -0.156937 -0.195 -0.195 -0.195 -0.195 -0.195 -0.195 -0.195 -0.195 -0.195 -0.195
-0.02 -0.02 -0.02 -0.02 -0.02 -0.0256875 -0.0694375 -0.113187 -0.156937 -0.195 -0.195 -0.195 -0.195 -0.195 -0.195 -0.195 -0.195 -0.195 -0.195 -0.195
-0.02 -0.02 -0.02 -0.02 -0.0256875 -0.0694375 -0.113187 -0.156937 -0.195 -0.195 -0.195 -0.195 -0.195 -0.195 -0.195 -0.195 -0.195 -0.195 -0.195 -0.195
-0.02 -0.02 -0.02 -0.0256875 -0.0694375 -0.113187 -0.156937 -0.195 -0.195 -0.195 -0.195 -0.195 -0.195 -0.195 -0.195 -0.195 -0.195 -0.195 -0.195 -0.188662
-0.02 -0.02 -0.0256875 -0.0694375 -0.113187 -0.156937 -0.195 -0.195 -0.195 -0.195 -0.195 -0.195 -0.195 -0.195 -0.195 -0.195 -0.195 -0.195 -0.188662 -0.139912
-0.02 -0.0256875 -0.0694375 -0.113187 -0.156937 -0.195 -0.195 -0.195 -0.195 -0.195 -0.195 -0.195 -0.195 -0.195 -0.195 -0.195 -0.195 -0.188662 -0.139912 -0.0911625
-0.0256875 -0.0694375 -0.113187 -0.156937 -0.195 -0.195 -0.195 -0.195 -0.195 -0.195 -0.195 -0.195 -0.195 -0.195 -0.195 -0.195 -0.188662 -0.139912 -0.0911625 -0.0424125
-0.0694375 -0.113187 -0.156937 -0.195 -0.195 -0.195 -0.195 -0.195 -0.195 -0.195 -0.195 -0.195 -0.195 -0.195 -0.195 -0.188662 -0.139912 -0.0911625 -0.0424125 -5.43573e-12
0.120512 0.0667625 0.02 0.02 0.02 0.02 0.02 0.02 0.02 0.02 0.02 0.02 0.02 0.02 0.0263375 0.0750875 0.123838 0.172588 0.215 0.215
0.0667625 0.02 0.02 0.02 0.02 0.02 0.02 0.02 0.02 0.02 0.02 0.02 0.02 0.0263375 0.0750875 0.123838 0.172588 0.215 0.215 0.215
0.02 0.02 0.02 0.02 0.02 0.02 0.02 0.02 0.02 0.02 0.02 0.02 0.0263375 0.0750875 0.123838 0.172588 0.215 0.215 0.215 0.215
0.02 0.02 0.02 0.02 0.02 0.02 0.02 0.02 0.02 0.02 0.02 0.0263375 0.0750875 0.123838 0.172588 0.215 0.215 0.215 0.215 0.215
0.02 0.02 0.02 0.02 0.02 0.02 0.02 0.02 0.02 0.02 0.0263375 0.0750875 0.123838 0.172588 0.215 0.215 0.215 0.215 0.215 0.215
0.02 0.02 0.02 0.02 0.02 0.02 0.02 0.02 0.02 0.0263375 0.0750875 0.123838 0.172588 0.215 0.215 0.215 0.215 0.215 0.215 0.215
0.02 0.02 0.02 0.02 0.02 0.02 0.02 0.02 0.0263375 0.0750875 0.123838 0.172588 0.215 0.215 0.215 0.215 0.215 0.215 0.215 0.215
0.02 0.02 0.02 0.02 0.02 0.02 0.02 0.0263375 0.0750875 0.123838 0.172588 0.215 0.215 0.215 0.215 0.215 0.215 0.215 0.215 0.215
0.02 0.02 0.02 0.02 0.02 0.02 0.0263375 0.0750875 0.123838 0.172588 0.215 0.215 0.215 0.215 0.215 0.215 0.215 0.215 0.215 0.215
0.02 0.02 0.02 0.02 0.02 0.0263375 0.0750875 0.123838 0.172588 0.215 0.215 0.215 0.215 0.215 0.215 0.215 0.215 0.215 0.215 0.215
0.02 0.02 0.02 0.02 0.0263375 0.0750875 0.123838 0.172588 0.215 0.215 0.215 0.215 0.215 0.215 0.215 0.215 0.215 0.215 0.215 0.215
0.02 0.02 0.02 0.0263375 0.0750875 0.123838 0.172588 0.215 0.215 0.215 0.215 0.215 0.215 0.215 0.215 0.215 0.215 0.215 0.215 0.208338
0.02 0.02 0.0263375 0.0750875 0.123838 0.172588 0.215 0.215 0.215 0.215 0.215 0.215 0.215 0.215 0.215 0.215 0.215 0.215 0.208338 0.157087
0.02 0.0263375 0.0750875 0.123838 0.172588 0.215 0.215 0.215 0.215 0.215 0.215 0.215 0.215 0.215 0.215 0.215 0.215 0.208338 0.157087 0.105837
0.0263375 0.0750875 0.123838 0.172588 0.215 0.215 0.215 0.215 0.215 0.215 0.215 0.215 0.215 0.215 0.215 0.215 0.208338 0.157087 0.105837 0.0545875
0.0750875 0.123838 0.172588 0.215 0.215 0.215 0.215 0.215 0.215 0.215 0.215 0.215 0.215 0.215 0.215 0.208338 0.157087 0.105837 0.0545875 0.01
-0.111162 -0.0624125 -0.02 -0.02 -0.02 -0.02 -0.02 -0.02 -0.02 -0.02 -0.02 -0.02 -0.02 -0.02 -0.0266625 -0.0779125 -0.129162 -0.180413 -0.225 -0.225
-0.0624125 -0.02 -0.02 -0.02 -0.02 -0.02 -0.02 -0.02 -0.02 -0.02 -0.02 -0.02 -0.02 -0.0266625 -0.0779125 -0.129162 -0.180413 -0.225 -0.225 -0.225
-0.02 -0.02 -0.02 -0.02 -0.02 -0.02 -0.02 -0.02 -0.02 -0.02 -0.02 -0.02 -0.0266625 -0.0779125 -0.129162 -0.180413 -0.225 -0.225 -0.225 -0.225
-0.02 -0.02 -0.02 -0.02 -0.02 -0.02 -0.02 -0.02 -0.02 -0.02 -0.02 -0.0266625 -0.0779125 -0.129162 -0.180413 -0.225 -0.225 -0.225 -0.225 -0.225
-0.02 -0.02 -0.02 -0.02 -0.02 -0.02 -0.02 -0.02 -0.02 -0.02 -0.0266625 -0.0779125 -0.129162 -0.180413 -0.225 -0.225 -0.225 -0.225 -0.225 -0.225
-0.02 -0.02 -0.02 -0.02 -0.02 -0.02 -0.02 -0.02 -0.02 -0.0266625 -0.0779125 -0.129162 -0.180413 -0.225 -0.225 -0.225 -0.225 -0.225 -0.225 -0.225
-0.02 -0.02 -0.02 -0.02 -0.02 -0.02 -0.02 -0.02 -0.0266625 -0.0779125 -0.129162 -0.180413 -0.225 -0.225 -0.225 -0.225 -0.225 -0.225 -0.225 -0.225
-0.02 -0.02 -0.02 -0.02 -0.02 -0.02 -0.02 -0.0266625 -0.0779125 -0.129162 -0.180413 -0.225 -0.225 -0.225 -0.225 -0.225 -0.225 -0.225 -0.225 -0.225
-0.02 -0.02 -0.02 -0.02 -0.02 -0.02 -0.0266625 -0.0779125 -0.129162 -0.180413 -0.225 -0.225 -0.225 -0.225 -0.225 -0.225 -0.225 -0.225 -0.225 -0.225
-0.02 -0.02 -0.02 -0.02 -0.02 -0.0266625 -0.0779125 -0.129162 -0.180413 -0.225 -0.225 -0.225 -0.225 -0.225 -0.225 -0.225 -0.225 -0.225 -0.225 -0.225
-0.02 -0.02 -0.02 -0.02 -0.0266625 -0.0779125 -0.129162 -0.180413 -0.225 -0.225 -0.225 -0.225 -0.225 -0.225 -0.225 -0.225 -0.225 -0.225 -0.225 -0.225
-0.02 -0.02 -0.02 -0.0266625 -0.0779125 -0.129162 -0.180413 -0.225 -0.225 -0.225 -0.225 -0.225 -0.225 -0.225 -0.225 -0.225 -0.225 -0.225 -0.225 -0.218338
-0.02 -0.02 -0.0266625 -0.0779125 -0.129162 -0.180413 -0.225 -0.225 -0.225 -0.225 -0.225 -0.225 -0.225 -0.225 -0.225 -0.225 -0.225 -0.225 -0.218338 -0.167087
-0.02 -0.0266625 -0.0779125 -0.129162 -0.180413 -0.225 -0.225 -0.225 -0.225 -0.225 -0.225 -0.225 -0.225 -0.225 -0.225 -0.225 -0.225 -0.218338 -0.167087 -0.115837
-0.0266625 -0.0779125 -0.129162 -0.180413 -0.225 -0.225 -0.225 -0.225 -0.225 -0.225 -0.225 -0.225 -0.225 -0.225 -0.225 -0.225 -0.218338 -0.167087 -0.115837 -0.0645875
-0.0779125 -0.129162 -0.180413 -0.225 -0.225 -0.225 -0.225 -0.225 -0.225 -0.225 -0.225 -0.225 -0.225 -0.225 -0.225 -0.218338 -0.167087 -0.115837 -0.0645875 -0.02
0.115837 0.0645875 0.02 0.02 0.02 0.02 0.02 0.02 0.02 0.02 0.02 0.02 0.02 0.02 0.0266625 0.0779125 0.129162 0.180413 0.225 0.225
0.0645875 0.02 0.02 0.02 0.02 0.02 0.02 0.02 0.02 0.02 0.02 0.02 0.02 0.0266625 0.0779125 0.129162 0.180413 0.225 0.225 0.225
0.02 0.02 0.02 0.02 0.02 0.02 0.02 0.02 0.02 0.02 0.02 0.02 0.0266625 0.0779125 0.129162 0.180413 0.225 0.225 0.225 0.225
0.02 0.02 0.02 0.02 0.02 0.02 0.02 0.02 0.02 0.02 0.02 0.0266625 0.0779125 0.129162 0.180413 0.225 0.225 0.225 0.225 0.225
0.02 0.02 0.02 0.02 0.02 0.02 0.02 0.02 0.02 0.02 0.0266625 0.0779125 0.129162 0.180413 0.225 0.225 0.225 0.225 0.225 0.225
0.02 0.02 0.02 0.02 0.02 0.02 0.02 0.02 0.02 0.0266625 0.0779125 0.129162 0.180413 0.225 0.225 0.225 0.225 0.225 0.225 0.225
0.02 0.02 0.02 0.02 0.02 0.02 0.02 0.02 0.0266625 0.0779125 0.129162 0.180413 0.225 0.225 0.225 0.225 0.225 0.225 0.225 0.225
0.02 0.02 0.02 0.02 0.02 0.02 0.02 0.0266625 0.0779125 0.129162 0.180413 0.225 0.225 0.225 0.225 0.225 0.225 0.225 0.225 0.225
0.02 0.02 0.02 0.02 0.02 0.02 0.0266625 0.0779125 0.129162 0.180413 0.225 0.225 0.225 0.225 0.225 0.225 0.225 0.225 0.225 0.225
0.02 0.02 0.02 0.02 0.02 0.0266625 0.0779125 0.129162 0.180413 0.225 0.225 0.225 0.225 0.225 0.225 0.225 0.225 0.225 0.225 0.225
0.02 0.02 0.02 0.02 0.0266625 0.0779125 0.129162 0.180413 0.225 0.225 0.225 0.225 0.225 0.225 0.225 0.225 0.225 0.225 0.225 0.225
0.02 0.02 0.02 0.0266625 0.0779125 0.129162 0.180413 0.225 0.225 0.225 0.225 0.225 0.225 0.225 0.225 0.225 0.225 0.225 0.225 0.218338
0.02 0.02 0.0266625 0.0779125 0.129162 0.180413 0.225 0.225 0.225 0.225 0.225 0.225 0.225 0.225 0.225 0.225 0.225 0.225 0.218338 0.167087
0.02 0.0266625 0.0779125 0.129162 0.180413 0.225 0.225 0.225 0.225 0.225 0.225 0.225 0.225 0.225 0.225 0.225 0.225 0.218338 0.167087 0.115837
0.0266625 0.0779125 0.129162 0.180413 0.225 0.225 0.225 0.225 0.225 0.225 0.225 0.225 0.225 0.225 0.225 0.225 0.218338 0.167087 0.115837 0.0645875
0.0779125 0.129162 0.180413 0.225 0.225 0.225 0.225 0.225 0.225 0.225 0.225 0.225 0.225 0.225 0.225 0.218338 0.167087 0.115837 0.0645875 0.02
-0.115837 -0.0645875 -0.02 -0.02 -0.02 -0.02 -0.02 -0.02 -0.02 -0.02 -0.02 -0.02 -0.02 -0.02 -0.0266625 -0.0779125 -0.129162 -0.180413 -0.225 -0.225
-0.0645875 -0.02 -0.02 -0.02 -0.02 -0.02 -0.02 -0.02 -0.02 -0.02 -0.02 -0.02 -0.02 -0.0266625 -0.0779125 -0.129162 -0.180413 -0.225 -0.225 -0.225
-0.02 -0.02 -0.02 -0.02 -0.02 -0.02 -0.02 -0.02 -0.02 -0.02 -0.02 -0.02 -0.0266625 -0.0779125 -0.129162 -0.180413 -0.225 -0.225 -0.225 -0.225
-0.02 -0.02 -0.02 -0.02 -0.02 -0.02 -0.02 -0.02 -0.02 -0.02 -0.02 -0.0266625 -0.0779125 -0.129162 -0.180413 -0.225 -0.225 -0.225 -0.225 -0.225
-0.02 -0.02 -0.02 -0.02 -0.02 -0.02 -0.02 -0.02 -0.02 -0.02 -0.0266625 -0.0779125 -0.129162 -0.180413 -0.225 -0.225 -0.225 -0.225 -0.225 -0.225
-0.02 -0.02 -0.02 -0.02 -0.02 -0.02 -0.02 -0.02 -0.02 -0.0266625 -0.0779125 -0.129162 -0.180413 -0.225 -0.225 -0.225 -0.225 -0.225 -0.225 -0.225
-0.02 -0.02 -0.02 -0.02 -0.02 -0.02 -0.02 -0.02 -0.0266625 -0.0779125 -0.129162 -0.180413 -0.225 -0.225 -0.225 -0.225 -0.225 -0.225 -0.225 -0.225
-0.02 -0.02 -0.02 -0.02 -0.02 -0.02 -0.02 -0.0266625 -0.0779125 -0.129162 -0.180413 -0.225 -0.225 -0.225 -0.225 -0.225 -0.225 -0.225 -0.225 -0.225
-0.02 -0.02 -0.02 -0.02 -0.02 -0.02 -0.0266625 -0.0779125 -0.129162 -0.180413 -0.225 -0.225 -0.225 -0.225 -0.225 -0.225 -0.225 -0.225 -0.225 -0.225
-0.02 -0.02 -0.02 -0.02 -0.02 -0.0266625 -0.0779125 -0.129162 -0.180413 -0.225 -0.225 -0.225 -0.225 -0.225 -0.225 -0.225 -0.225 -0.225 -0.225 -0.225
-0.02 -0.02 -0.02 -0.02 -0.0266625 -0.0779125 -0.129162 -0.180413 -0.225 -0.225 -0.225 -0.225 -0.225 -0.225 -0.225 -0.225 -0.225 -0.225 -0.225 -0.225
-0.02 -0.02 -0.02 -0.0266625 -0.0779125 -0.129162 -0.180413 -0.225 -0.225 -0.225 -0.225 -0.225 -0.225 -0.225 -0.225 -0.225 -0.225 -0.225 -0.225 -0.218338
-0.02 -0.02 -0.0266625 -0.0779125 -0.129162 -0.180413 -0.225 -0.225 -0.225 -0.225 -0.225 -0.225 -0.225 -0.225 -0.225 -0.225 -0.225 -0.225 -0.218338 -0.167087
-0.02 -0.0266625 -0.0779125 -0.129162 -0.180413 -0.225 -0.225 -0.225 -0.225 -0.225 -0.225 -0.225 -0.225 -0.225 -0.225 -0.225 -0.225 -0.218338 -0.167087 -0.115837
-0.0266625 -0.0779125 -0.129162 -0.180413 -0.225 -0.225 -0.225 -0.225 -0.225 -0.225 -0.225 -0.225 -0.225 -0.225 -0.225 -0.225 -0.218338 -0.167087 -0.115837 -0.0645875
-0.0779125 -0.129162 -0.180413 -0.225 -0.225 -0.225 -0.225 -0.225 -0.225 -0.225 -0.225 -0.225 -0.225 -0.225 -0.225 -0.218338 -0.167087 -0.115837 -0.0645875 -0.02
0.115837 0.0645875 0.02 0.02 0.02 0.02 0.02 0.02 0.02 0.02 0.02 0.02 0.02 0.02 0.0266625 0.0779125 0.129162 0.180413 0.225 0.225
0.0645875 0.02 0.02 0.02 0.02 0.02 0.02 0.02 0.02 0.02 0.02 0.02 0.02 0.0266625 0.0779125 0.129162 0.180413 0.225 0.225 0.225
0.02 0.02 0.02 0.02 0.02 0.02 0.02 0.02 0.02 0.02 0.02 0.02 0.0266625 0.0779125 0.129162 0.180413 0.225 0.225 0.225 0.225
0.02 0.02 0.02 0.02 0.02 0.02 0.02 0.02 0.02 0.02 0.02 0.0266625 0.0779125 0.129162 0.180413 0.225 0.225 0.225 0.225 0.225
0.02 0.02 0.02 0.02 0.02 0.02 0.02 0.02 0.02 0.02 0.0266625 0.0779125 0.129162 0.180413 0.225 0.225 0.225 0.225 0.225 0.225
0.02 0.02 0.02 0.02 0.02 0.02 0.02 0.02 0.02 0.0266625 0.0779125 0.129162 0.180413 0.225 0.225 0.225 0.225 0.225 0.225 0.225
0.02 0.02 0.02 0.02 0.02 0.02 0.02 0.02 0.0266625 0.0779125 0.129162 0.180413 0.225 0.225 0.225 0.225 0.225 0.225 0.225 0.225
0.02 0.02 0.02 0.02 0.02 0.02 0.02 0.0266625 0.0779125 0.129162 0.180413 0.225 0.225 0.225 0.225 0.225 0.225 0.225 0.225 0.225
0.02 0.02 0.02 0.02 0.02 0.02 0.0266625 0.0779125 0.129162 0.180413 0.225 0.225 0.225 0.225 0.225 0.225 0.225 0.225 0.225 0.225
0.02 0.02 0.02 0.02 0.02 0.0266625 0.0779125 0.129162 0.180413 0.225 0.225 0.225 0.225 0.225 0.225 0.225 0.225 0.225 0.225 0.225
0.02 0.02 0.02 0.02 0.0266625 0.0779125 0.129162 0.180413 0.225 0.225 0.225 0.225 0.225 0.225 0.225 0.225 0.225 0.225 0.225 0.225
0.02 0.02 0.02 0.0266625 0.0779125 0.129162 0.180413 0.225 0.225 0.225 0.225 0.225 0.225 0.225 0.225 0.225 0.225 0.225 0.225 0.218338
0.02 0.02 0.0266625 0.0779125 0.129162 0.180413 0.225 0.225 0.225 0.225 0.225 0.225 0.225 0.225 0.225 0.225 0.225 0.225 0.218338 0.167087
0.02 0.0266625 0.0779125 0.129162 0.180413 0.225 0.225 0.225 0.225 0.225 0.225 0.225 0.225 0.225 0.225 0.225 0.225 0.218338 0.167087 0.115837
0.0266625 0.0779125 0.129162 0.180413 0.225 0.225 0.225 0.225 0.225 0.225 0.225 0.225 0.225 0.225 0.225 0.225 0.218338 0.167087 0.115837 0.0645875
0.0779125 0.129162 0.180413 0.225 0.225 0.225 0.225 0.225 0.225 0.225 0.225 0.225 0.225 0.225 0.225 0.218338 0.167087 0.115837 0.0645875 0.02
-0.115837 -0.0645875 -0.02 -0.02 -0.02 -0.02 -0.02 -0.02 -0.02 -0.02 -0.02 -0.02 -0.02 -0.02 -0.0266625 -0.0779125 -0.129162 -0.180413 -0.225 -0.225
-0.0645875 -0.02 -0.02 -0.02 -0.02 -0.02 -0.02 -0.02 -0.02 -0.02 -0.02 -0.02 -0.02 -0.0266625 -0.0779125 -0.129162 -0.180413 -0.225 -0.225 -0.225
-0.02 -0.02 -0.02 -0.02 -0.02 -0.02 -0.02 -0.02 -0.02 -0.02 -0.02 -0.02 -0.0266625 -0.0779125 -0.129162 -0.180413 -0.225 -0.225 -0.225 -0.225
-0.02 -0.02 -0.02 -0.02 -0.02 -0.02 -0.02 -0.02 -0.02 -0.02 -0.02 -0.0266625 -0.0779125 -0.129162 -0.180413 -0.225 -0.225 -0.225 -0.225 -0.225
-0.02 -0.02 -0.02 -0.02 -0.02 -0.02 -0.02 -0.02 -0.02 -0.02 -0.0266625 -0.0779125 -0.129162 -0.180413 -0.225 -0.225 -0.225 -0.225 -0.225 -0.225
-0.02 -0.02 -0.02 -0.02 -0.02 -0.02 -0.02 -0.02 -0.02 -0.0266625 -0.0779125 -0.129162 -0.180413 -0.225 -0.225 -0.225 -0.225 -0.225 -0.225 -0.225
-0.02 -0.02 -0.02 -0.02 -0.02 -0.02 -0.02 -0.02 -0.0266625 -0.0779125 -0.129162 -0.180413 -0.225 -0.225 -0.225 -0.225 -0.225 -0.225 -0.225 -0.225
-0.02 -0.02 -0.02 -0.02 -0.02 -0.02 -0.02 -0.0266625 -0.0779125 -0.129162 -0.180413 -0.225 -0.225 -0.225 -0.225 -0.225 -0.225 -0.225 -0.225 -0.225
-0.02 -0.02 -0.02 -0.02 -0.02 -0.02 -0.0266625 -0.0779125 -0.129162 -0.180413 -0.225 -0.225 -0.225 -0.225 -0.225 -0.225 -0.225 -0.225 -0.225 -0.225
-0.02 -0.02 -0.02 -0.02 -0.02 -0.0266625 -0.0779125 -0.129162 -0.180413 -0.225 -0.225 -0.225 -0.225 -0.225 -0.225 -0.225 -0.225 -0.225 -0.225 -0.225
-0.02 -0.02 -0.02 -0.02 -0.0266625 -0.0779125 -0.129162 -0.180413 -0.225 -0.225 -0.225 -0.225 -0.225 -0.225 -0.225 -0.225 -0.225 -0.225 -0.225 -0.225
-0.02 -0.02 -0.02 -0.0266625 -0.0779125 -0.129162 -0.180413 -0.225 -0.225 -0.225 -0.225 -0.225 -0.225 -0.225 -0.225 -0.225 -0.225 -0.225 -0.225 -0.218338
-0.02 -0.02 -0.0266625 -0.0779125 -0.129162 -0.180413 -0.225 -0.225 -0.225 -0.225 -0.225 -0.225 -0.225 -0.225 -0.225 -0.225 -0.225 -0.225 -0.218338 -0.167087
-0.02 -0.0266625 -0.0779125 -0.129162 -0.180413 -0.225 -0.225 -0.225 -0.225 -0.225 -0.225 -0.225 -0.225 -0.225 -0.225 -0.225 -0.225 -0.218338 -0.167087 -0.115837
-0.0266625 -0.0779125 -0.129162 -0.180413 -0.225 -0.225 -0.225 -0.225 -0.225 -0.225 -0.225 -0.225 -0.225 -0.225 -0.225 -0.225 -0.218338 -0.167087 -0.115837 -0.0645875
-0.0779125 -0.129162 -0.180413 -0.225 -0.225 -0.225 -0.225 -0.225 -0.225 -0.225 -0.225 -0.225 -0.225 -0.225 -0.225 -0.218338 -0.167087 -0.115837 -0.0645875 -0.02
0.115837 0.0645875 0.02 0.02 0.02 0.02 0.02 0.02 0.02 0.02 0.02 0.02 0.02 0.02 0.0266625 0.0779125 0.129162 0.180413 0.225 0.225
0.0645875 0.02 0.02 0.02 0.02 0.02 0.02 0.02 0.02 0.02 0.02 0.02 0.02 0.0266625 0.0779125 0.129162 0.180413 0.225 0.225 0.225
0.02 0.02 0.02 0.02 0.02 0.02 0.02 0.02 0.02 0.02 0.02 0.02 0.0266625 0.0779125 0.129162 0.180413 0.225 0.225 0.225 0.225
0.02 0.02 0.02 0.02 0.02 0.02 0.02 0.02 0.02 0.02 0.02 0.0266625 0.0779125 0.129162 0.180413 0.225 0.225 0.225 0.225 0.225
0.02 0.02 0.02 0.02 0.02 0.02 0.02 0.02 0.02 0.02 0.0266625 0.0779125 0.129162 0.180413 0.225 0.225 0.225 0.225 0.225 0.225
0.02 0.02 0.02 0.02 0.02 0.02 0.02 0.02 0.02 0.0266625 0.0779125 0.129162 0.180413 0.225 0.225 0.225 0.225 0.225 0.225 0.225
0.02 0.02 0.02 0.02 0.02 0.02 0.02 0.02 0.0266625 0.0779125 0.129162 0.180413 0.225 0.225 0.225 0.225 0.225 0.225 0.225 0.225
0.02 0.02 0.02 0.02 0.02 0.02 0.02 0.0266625 0.0779125 0.129162 0.180413 0.225 0.225 0.225 0.225 0.225 0.225 0.225 0.225 0.225
0.02 0.02 0.02 0.02 0.02 0.02 0.0266625 0.0779125 0.129162 0.180413 0.225 0.225 0.225 0.225 0.225 0.225 0.225 0.225 0.225 0.225
0.02 0.02 0.02 0.02 0.02 0.0266625 0.0779125 0.129162 0.180413 0.225 0.225 0.225 0.225 0.225 0.225 0.225 0.225 0.225 0.225 0.225
0.02 0.02 0.02 0.02 0.0266625 0.0779125 0.129162 0.180413 0.225 0.225 0.225 0.225 0.225 0.225 0.225 0.225 0.225 0.225 0.225 0.225
0.02 0.02 0.02 0.0266625 0.0779125 0.129162 0.180413 0.225 0.225 0.225 0.225 0.225 0.225 0.225 0.225 0.225 0.225 0.225 0.225 0.218338
0.02 0.02 0.0266625 0.0779125 0.129162 0.180413 0.225 0.225 0.225 0.225 0.225 0.225 0.225 0.225 0.225 0.225 0.225 0.225 0.218338 0.167087
0.02 0.0266625 0.0779125 0.129162 0.180413 0.225 0.225 0.225 0.225 0.225 0.225 0.225 0.225 0.225 0.225 0.225 0.225 0.218338 0.167087 0.115837
0.0266625 0.0779125 0.129162 0.180413 0.225 0.225 0.225 0.225 0.225 0.225 0.225 0.225 0.225 0.225 0.225 0.225 0.218338 0.167087 0.115837 0.0645875
0.0779125 0.129162 0.180413 0.225 0.225 0.225 0.225 0.225 0.225 0.225 0.225 0.225 0.225 0.225 0.225 0.218338 0.167087 0.115837 0.0645875 0.02
-0.115837 -0.0645875 -0.02 -0.02 -0.02 -0.02 -0.02 -0.02 -0.02 -0.02 -0.02 -0.02 -0.02 -0.02 -0.0266625 -0.0779125 -0.129162 -0.180413 -0.225 -0.225
-0.0645875 -0.02 -0.02 -0.02 -0.02 -0.02 -0.02 -0.02 -0.02 -0.02 -0.02 -0.02 -0.02 -0.0266625 -0.0779125 -0.129162 -0.180413 -0.225 -0.225 -0.225
-0.02 -0.02 -0.02 -0.02 -0.02 -0.02 -0.02 -0.02 -0.02 -0.02 -0.02 -0.02 -0.0266625 -0.0779125 -0.129162 -0.180413 -0.225 -0.225 -0.225 -0.225
-0.02 -0.02 -0.02 -0.02 -0.02 -0.02 -0.02 -0.02 -0.02 -0.02 -0.02 -0.0266625 -0.0779125 -0.129162 -0.180413 -0.225 -0.225 -0.225 -0.225 -0.225
-0.02 -0.02 -0.02 -0.02 -0.02 -0.02 -0.02 -0.02 -0.02 -0.02 -0.0266625 -0.0779125 -0.129162 -0.180413 -0.225 -0.225 -0.225 -0.225 -0.225 -0.225
-0.02 -0.02 -0.02 -0.02 -0.02 -0.02 -0.02 -0.02 -0.02 -0.0266625 -0.0779125 -0.129162 -0.180413 -0.225 -0.225 -0.225 -0.225 -0.225 -0.225 -0.225
-0.02 -0.02 -0.02 -0.02 -0.02 -0.02 -0.02 -0.02 -0.0266625 -0.0779125 -0.129162 -0.180413 -0.225 -0.225 -0.225 -0.225 -0.225 -0.225 -0.225 -0.225
-0.02 -0.02 -0.02 -0.02 -0.02 -0.02 -0.02 -0.0266625 -0.0779125 -0.129162 -0.180413 -0.225 -0.225 -0.225 -0.225 -0.225 -0.225 -0.225 -0.225 -0.225
-0.02 -0.02 -0.02 -0.02 -0.02 -0.02 -0.0266625 -0.0779125 -0.129162 -0.180413 -0.225 -0.225 -0.225 -0.225 -0.225 -0.225 -0.225 -0.225 -0.225 -0.225
-0.02 -0.02 -0.02 -0.02 -0.02 -0.0266625 -0.0779125 -0.129162 -0.180413 -0.225 -0.225 -0.225 -0.225 -0.225 -0.225 -0.225 -0.225 -0.225 -0.225 -0.225
-0.02 -0.02 -0.02 -0.02 -0.0266625 -0.0779125 -0.129162 -0.180413 -0.225 -0.225 -0.225 -0.225 -0.225 -0.225 -0.225 -0.225 -0.225 -0.225 -0.225 -0.225
-0.02 -0.02 -0.02 -0.0266625 -0.0779125 -0.129162 -0.180413 -0.225 -0.225 -0.225 -0.225 -0.225 -0.225 -0.225 -0.225 -0.225 -0.225 -0.225 -0.225 -0.218338
-0.02 -0.02 -0.0266625 -0.0779125 -0.129162 -0.180413 -0.225 -0.225 -0.225 -0.225 -0.225 -0.225 -0.225 -0.225 -0.225 -0.225 -0.225 -0.225 -0.218338 -0.167087
-0.02 -0.0266625 -0.0779125 -0.129162 -0.180413 -0.225 -0.225 -0.225 -0.225 -0.225 -0.225 -0.225 -0.225 -0.225 -0.225 -0.225 -0.225 -0.218338 -0.167087 -0.115837
-0.0266625 -0.0779125 -0.129162 -0.180413 -0.225 -0.225 -0.225 -0.225 -0.225 -0.225 -0.225 -0.225 -0.225 -0.225 -0.225 -0.225 -0.218338 -0.167087 -0.115837 -0.0645875
-0.0779125 -0.129162 -0.180413 -0.225 -0.225 -0.225 -0.225 -0.225 -0.225 -0.225 -0.225 -0.225 -0.225 -0.225 -0.225 -0.218338 -0.167087 -0.115837 -0.0645875 -0.02
0.115837 0.0645875 0.02 0.02 0.02 0.02 0.02 0.02 0.02 0.02 0.02 0.02 0.02 0.02 0.0266625 0.0779125 0.129162 0.180413 0.225 0.225
0.0645875 0.02 0.02 0.02 0.02 0.02 0.02 0.02 0.02 0.02 0.02 0.02 0.02 0.0266625 0.0779125 0.129162 0.180413 0.225 0.225 0.225
0.02 0.02 0.02 0.02 0.02 0.02 0.02 0.02 0.02 0.02 0.02 0.02 0.0266625 0.0779125 0.129162 0.180413 0.225 0.225 0.225 0.225
0.02 0.02 0.02 0.02 0.02 0.02 0.02 0.02 0.02 0.02 0.02 0.0266625 0.0779125 0.129162 0.180413 0.225 0.225 0.225 0.225 0.225
0.02 0.02 0.02 0.02 0.02 0.02 0.02 0.02 0.02 0.02 0.0266625 0.0779125 0.129162 0.180413 0.225 0.225 0.225 0.225 0.225 0.225
0.02 0.02 0.02 0.02 0.02 0.02 0.02 0.02 0.02 0.0266625 0.0779125 0.129162 0.180413 0.225 0.225 0.225 0.225 0.225 0.225 0.225
0.02 0.02 0.02 0.02 0.02 0.02 0.02 0.02 0.0266625 0.0779125 0.129162 0.180413 0.225 0.225 0.225 0.225 0.225 0.225 0.225 0.225
0.02 0.02 0.02 0.02 0.02 0.02 0.02 0.0266625 0.0779125 0.129162 0.180413 0.225 0.225 0.225 0.225 0.225 0.225 0.225 0.225 0.225
0.02 0.02 0.02 0.02 0.02 0.02 0.0266625 0.0779125 0.129162 0.180413 0.225 0.225 0.225 0.225 0.225 0.225 0.225 0.225 0.225 0.225
0.02 0.02 0.02 0.02 0.02 0.0266625 0.0779125 0.129162 0.180413 0.225 0.225 0.225 0.225 0.225 0.225 0.225 0.225 0.225 0.225 0.225
0.02 0.02 0.02 0.02 0.0266625 0.0779125 0.129162 0.180413 0.225 0.225 0.225 0.225 0.225 0.225 0.225 0.225 0.225 0.225 0.225 0.225
0.02 0.02 0.02 0.0266625 0.0779125 0.129162 0.180413 0.225 0.225 0.225 0.225 0.225 0.225 0.225 0.225 0.225 0.225 0.225 0.225 0.218338
0.02 0.02 0.0266625 0.0779125 0.129162 0.180413 0.225 0.225 0.225 0.225 0.225 0.225 0.225 0.225 0.225 0.225 0.225 0.225 0.218338 0.167087
0.02 0.0266625 0.0779125 0.129162 0.180413 0.225 0.225 0.225 0.225 0.225 0.225 0.225 0.225 0.225 0.225 0.225 0.225 0.218338 0.167087 0.115837
0.0266625 0.0779125 0.129162 0.180413 0.225 0.225 0.225 0.225 0.225 0.225 0.225 0.225 0.225 0.225 0.225 0.225 0.218338 0.167087 0.115837 0.0645875
0.0779125 0.129162 0.180413 0.225 0.225 0.225 0.225 0.225 0.225 0.225 0.225 0.225 0.225 0.225 0.225 0.218338 0.167087 0.115837 0.0645875 0.02
-0.115837 -0.0645875 -0.02 -0.02 -0.02 -0.02 -0.02 -0.02 -0.02 -0.02 -0.02 -0.02 -0.02 -0.02 -0.0266625 -0.0779125 -0.129162 -0.180413 -0.225 -0.225
-0.0645875 -0.02 -0.02 -0.02 -0.02 -0.02 -0.02 -0.02 -0.02 -0.02 -0.02 -0.02 -0.02 -0.0266625 -0.0779125 -0.129162 -0.180413 -0.225 -0.225 -0.225
-0.02 -0.02 -0.02 -0.02 -0.02 -0.02 -0.02 -0.02 -0.02 -0.02 -0.02 -0.02 -0.0266625 -0.0779125 -0.129162 -0.180413 -0.225 -0.225 -0.225 -0.225
-0.02 -0.02 -0.02 -0.02 -0.02 -0.02 -0.02 -0.02 -0.02 -0.02 -0.02 -0.0266625 -0.0779125 -0.129162 -0.180413 -0.225 -0.225 -0.225 -0.225 -0.225
-0.02 -0.02 -0.02 -0.02 -0.02 -0.02 -0.02 -0.02 -0.02 -0.02 -0.0266625 -0.0779125 -0.129162 -0.180413 -0.225 -0.225 -0.225 -0.225 -0.225 -0.225
-0.02 -0.02 -0.02 -0.02 -0.02 -0.02 -0.02 -0.02 -0.02 -0.0266625 -0.0779125 -0.129162 -0.180413 -0.225 -0.225 -0.225 -0.225 -0.225 -0.225 -0.225
-0.02 -0.02 -0.02 -0.02 -0.02 -0.02 -0.02 -0.02 -0.0266625 -0.0779125 -0.129162 -0.180413 -0.225 -0.225 -0.225 -0.225 -0.225 -0.225 -0.225 -0.225
-0.02 -0.02 -0.02 -0.02 -0.02 -0.02 -0.02 -0.0266625 -0.0779125 -0.129162 -0.180413 -0.225 -0.225 -0.225 -0.225 -0.225 -0.225 -0.225 -0.225 -0.225
-0.02 -0.02 -0.02 -0.02 -0.02 -0.02 -0.0266625 -0.0779125 -0.129162 -0.180413 -0.225 -0.225 -0.225 -0.225 -0.225 -0.225 -0.225 -0.225 -0.225 -0.225
-0.02 -0.02 -0.02 -0.02 -0.02 -0.0266625 -0.0779125 -0.129162 -0.180413 -0.225 -0.225 -0.225 -0.225 -0.225 -0.225 -0.225 -0.225 -0.225 -0.225 -0.225
-0.02 -0.02 -0.02 -0.02 -0.0266625 -0.0779125 -0.129162 -0.180413 -0.225 -0.225 -0.225 -0.225 -0.225 -0.225 -0.225 -0.225 -0.225 -0.225 -0.225 -0.225
-0.02 -0.02 -0.02 -0.0266625 -0.0779125 -0.129162 -0.180413 -0.225 -0.225 -0.225 -0.225 -0.225 -0.225 -0.225 -0.225 -0.225 -0.225 -0.225 -0.225 -0.218338
-0.02 -0.02 -0.0266625 -0.0779125 -0.129162 -0.180413 -0.225 -0.225 -0.225 -0.225 -0.225 -0.225 -0.225 -0.225 -0.225 -0.225 -0.225 -0.225 -0.218338 -0.167087
-0.02 -0.0266625 -0.0779125 -0.129162 -0.180413 -0.225 -0.225 -0.225 -0.225 -0.225 -0.225 -0.225 -0.225 -0.225 -0.225 -0.225 -0.225 -0.218338 -0.167087 -0.115837
-0.0266625 -0.0779125 -0.129162 -0.180413 -0.225 -0.225 -0.225 -0.225 -0.225 -0.225 -0.225 -0.225 -0.225 -0.225 -0.225 -0.225 -0.218338 -0.167087 -0.115837 -0.0645875
-0.0779125 -0.129162 -0.180413 -0.225 -0.225 -0.225 -0.225 -0.225 -0.225 -0.225 -0.225 -0.225 -0.225 -0.225 -0.225 -0.218338 -0.167087 -0.115837 -0.0645875 -0.02
0.115837 0.0645875 0.02 0.02 0.02 0.02 0.02 0.02 0.02 0.02 0.02 0.02 0.02 0.02 0.0266625 0.0779125 0.129162 0.180413 0.225 0.225
0.0645875 0.02 0.02 0.02 0.02 0.02 0.02 0.02 0.02 0.02 0.02 0.02 0.02 0.0266625 0.0779125 0.129162 0.180413 0.225 0.225 0.225
0.02 0.02 0.02 0.02 0.02 0.02 0.02 0.02 0.02 0.02 0.02 0.02 0.0266625 0.0779125 0.129162 0.180413 0.225 0.225 0.225 0.225
0.02 0.02 0.02 0.02 0.02 0.02 0.02 0.02 0.02 0.02 0.02 0.0266625 0.0779125 0.129162 0.180413 0.225 0.225 0.225 0.225 0.225
0.02 0.02 0.02 0.02 0.02 0.02 0.02 0.02 0.02 0.02 0.0266625 0.0779125 0.129162 0.180413 0.225 0.225 0.225 0.225 0.225 0.225
0.02 0.02 0.02 0.02 0.02 0.02 0.02 0.02 0.02 0.0266625 0.0779125 0.129162 0.180413 0.225 0.225 0.225 0.225 0.225 0.225 0.225
0.02 0.02 0.02 0.02 0.02 0.02 0.02 0.02 0.0266625 0.0779125 0.129162 0.180413 0.225 0.225 0.225 0.225 0.225 0.225 0.225 0.225
