0.000165679 0.000165679 0.000165679 0.000165679 0.000165679 0.000165679 0.000165679 0.000165679 0.000165679 0.000165679 0.000165679 0.000165679 0.000165679 0.000165679 0.000165679 0.000165679 0.000165679 0.000165679 0.000165679 0.000165679
0.000165679 0.000165679 0.000165679 0.000165679 0.000165679 0.000165679 0.000165679 0.000165679 0.000165679 0.000165679 0.000165679 0.000165679 0.000165679 0.000165679 0.000165679 0.000165679 0.000165679 0.000165679 0.000165679 0.000165655
0.000165679 0.000165679 0.000165679 0.000165679 0.000165679 0.000165679 0.000165679 0.000165679 0.000165679 0.000165679 0.000165679 0.000165679 0.000165679 0.000165679 0.000165679 0.000165679 0.000165679 0.000165679 0.000165655 0.000164126
0.000165679 0.000165679 0.000165679 0.000165679 0.000165679 0.000165679 0.000165679 0.000165679 0.000165679 0.000165679 0.000165679 0.000165679 0.000165679 0.000165679 0.000165679 0.000165679 0.000165679 0.000165655 0.000164126 0.000160395
0.000165679 0.000165679 0.000165679 0.000165679 0.000165679 0.000165679 0.000165679 0.000165679 0.000165679 0.000165679 0.000165679 0.000165679 0.000165679 0.000165679 0.000165679 0.000165679 0.000165655 0.000164126 0.000160395 0.00015471
0.000165679 0.000165679 0.000165679 0.000165679 0.000165679 0.000165679 0.000165679 0.000165679 0.000165679 0.000165679 0.000165679 0.000165679 0.000165679 0.000165679 0.000165679 0.000165655 0.000164126 0.000160395 0.00015471 0.000147321
0.000165679 0.000165679 0.000165679 0.000165679 0.000165679 0.000165679 0.000165679 0.000165679 0.000165679 0.000165679 0.000165679 0.000165679 0.000165679 0.000165679 0.000165655 0.000164126 0.000160395 0.00015471 0.000147321 0.000138475
0.000165679 0.000165679 0.000165679 0.000165679 0.000165679 0.000165679 0.000165679 0.000165679 0.000165679 0.000165679 0.000165679 0.000165679 0.000165679 0.000165655 0.000164126 0.000160395 0.00015471 0.000147321 0.000138475 0.000128422
0.000165679 0.000165679 0.000165679 0.000165679 0.000165679 0.000165679 0.000165679 0.000165679 0.000165679 0.000165679 0.000165679 0.000165679 0.000165655 0.000164126 0.000160395 0.00015471 0.000147321 0.000138475 0.000128422 0.000117409
0.000165679 0.000165679 0.000165679 0.000165679 0.000165679 0.000165679 0.000165679 0.000165679 0.000165679 0.000165679 0.000165679 0.000165655 0.000164126 0.000160395 0.00015471 0.000147321 0.000138475 0.000128422 0.000117409 0.000105685
0.000165679 0.000165679 0.000165679 0.000165679 0.000165679 0.000165679 0.000165679 0.000165679 0.000165679 0.000165679 0.000165655 0.000164126 0.000160395 0.00015471 0.000147321 0.000138475 0.000128422 0.000117409 0.000105685 9.34997e-05
0.000165679 0.000165679 0.000165679 0.000165679 0.000165679 0.000165679 0.000165679 0.000165679 0.000165679 0.000165655 0.000164126 0.000160395 0.00015471 0.000147321 0.000138475 0.000128422 0.000117409 0.000105685 9.34997e-05 8.11002e-05
0.000165679 0.000165679 0.000165679 0.000165679 0.000165679 0.000165679 0.000165679 0.000165679 0.000165655 0.000164126 0.000160395 0.00015471 0.000147321 0.000138475 0.000128422 0.000117409 0.000105685 9.34997e-05 8.11002e-05 6.87355e-05
0.000165679 0.000165679 0.000165679 0.000165679 0.000165679 0.000165679 0.000165679 0.000165655 0.000164126 0.000160395 0.00015471 0.000147321 0.000138475 0.000128422 0.000117409 0.000105685 9.34997e-05 8.11002e-05 6.87355e-05 5.66541e-05
0.000165679 0.000165679 0.000165679 0.000165679 0.000165679 0.000165679 0.000165655 0.000164126 0.000160395 0.00015471 0.000147321 0.000138475 0.000128422 0.000117409 0.000105685 9.34997e-05 8.11002e-05 6.87355e-05 5.66541e-05 4.51045e-05
0.000165679 0.000165679 0.000165679 0.000165679 0.000165679 0.000165655 0.000164126 0.000160395 0.00015471 0.000147321 0.000138475 0.000128422 0.000117409 0.000105685 9.34997e-05 8.11002e-05 6.87355e-05 5.66541e-05 4.51045e-05 3.43353e-05
0.000165679 0.000165679 0.000165679 0.000165679 0.000165655 0.000164126 0.000160395 0.00015471 0.000147321 0.000138475 0.000128422 0.000117409 0.000105685 9.34997e-05 8.11002e-05 6.87355e-05 5.66541e-05 4.51045e-05 3.43353e-05 2.4595e-05
0.000165679 0.000165679 0.000165679 0.000165655 0.000164126 0.000160395 0.00015471 0.000147321 0.000138475 0.000128422 0.000117409 0.000105685 9.34997e-05 8.11002e-05 6.87355e-05 5.66541e-05 4.51045e-05 3.43353e-05 2.4595e-05 1.6132e-05
0.000165679 0.000165679 0.000165655 0.000164126 0.000160395 0.00015471 0.000147321 0.000138475 0.000128422 0.000117409 0.000105685 9.34997e-05 8.11002e-05 6.87355e-05 5.66541e-05 4.51045e-05 3.43353e-05 2.4595e-05 1.6132e-05 9.19497e-06
0.000165679 0.000165655 0.000164126 0.000160395 0.00015471 0.000147321 0.000138475 0.000128422 0.000117409 0.000105685 9.34997e-05 8.11002e-05 6.87355e-05 5.66541e-05 4.51045e-05 3.43353e-05 2.4595e-05 1.6132e-05 9.19497e-06 4.03235e-06
0.000165655 0.000164126 0.000160395 0.00015471 0.000147321 0.000138475 0.000128422 0.000117409 0.000105685 9.34997e-05 8.11002e-05 6.87355e-05 5.66541e-05 4.51045e-05 3.43353e-05 2.4595e-05 1.6132e-05 9.19497e-06 4.03235e-06 8.92678e-07
0.000164126 0.000160395 0.00015471 0.000147321 0.000138475 0.000128422 0.000117409 0.000105685 9.34997e-05 8.11002e-05 6.87355e-05 5.66541e-05 4.51045e-05 3.43353e-05 2.4595e-05 1.6132e-05 9.19497e-06 4.03235e-06 8.92678e-07 0
0.000160395 0.00015471 0.000147321 0.000138475 0.000128422 0.000117409 0.000105685 9.34997e-05 8.11002e-05 6.87355e-05 5.66541e-05 4.51045e-05 3.43353e-05 2.4595e-05 1.6132e-05 9.19497e-06 4.03235e-06 8.92678e-07 0 0
0.00015471 0.000147321 0.000138475 0.000128422 0.000117409 0.000105685 9.34997e-05 8.11002e-05 6.87355e-05 5.66541e-05 4.51045e-05 3.43353e-05 2.4595e-05 1.6132e-05 9.19497e-06 4.03235e-06 8.92678e-07 0 0 0
0.000147321 0.000138475 0.000128422 0.000117409 0.000105685 9.34997e-05 8.11002e-05 6.87355e-05 5.66541e-05 4.51045e-05 3.43353e-05 2.4595e-05 1.6132e-05 9.19497e-06 4.03235e-06 8.92678e-07 0 0 0 0
0.000138475 0.000128422 0.000117409 0.000105685 9.34997e-05 8.11002e-05 6.87355e-05 5.66541e-05 4.51045e-05 3.43353e-05 2.4595e-05 1.6132e-05 9.19497e-06 4.03235e-06 8.92678e-07 0 0 0 0 0
0.000128422 0.000117409 0.000105685 9.34997e-05 8.11002e-05 6.87355e-05 5.66541e-05 4.51045e-05 3.43353e-05 2.4595e-05 1.6132e-05 9.19497e-06 4.03235e-06 8.92678e-07 0 0 0 0 0 0
0.000117409 0.000105685 9.34997e-05 8.11002e-05 6.87355e-05 5.66541e-05 4.51045e-05 3.43353e-05 2.4595e-05 1.6132e-05 9.19497e-06 4.03235e-06 8.92678e-07 0 0 0 0 0 0 0
0.000105685 9.34997e-05 8.11002e-05 6.87355e-05 5.66541e-05 4.51045e-05 3.43353e-05 2.4595e-05 1.6132e-05 9.19497e-06 4.03235e-06 8.92678e-07 0 0 0 0 0 0 0 0
9.34997e-05 8.11002e-05 6.87355e-05 5.66541e-05 4.51045e-05 3.43353e-05 2.4595e-05 1.6132e-05 9.19497e-06 4.03235e-06 8.92678e-07 0 0 0 0 0 0 0 0 0
8.11002e-05 6.87355e-05 5.66541e-05 4.51045e-05 3.43353e-05 2.4595e-05 1.6132e-05 9.19497e-06 4.03235e-06 8.92678e-07 0 0 0 0 0 0 0 0 0 0
6.87355e-05 5.66541e-05 4.51045e-05 3.43353e-05 2.4595e-05 1.6132e-05 9.19497e-06 4.03235e-06 8.92678e-07 0 0 0 0 0 0 0 0 0 0 0
5.66541e-05 4.51045e-05 3.43353e-05 2.4595e-05 1.6132e-05 9.19497e-06 4.03235e-06 8.92678e-07 0 0 0 0 0 0 0 0 0 0 0 0
4.51045e-05 3.43353e-05 2.4595e-05 1.6132e-05 9.19497e-06 4.03235e-06 8.92678e-07 0 0 0 0 0 0 0 0 0 0 0 0 0
3.43353e-05 2.4595e-05 1.6132e-05 9.19497e-06 4.03235e-06 8.92678e-07 0 0 0 0 0 0 0 0 0 0 0 0 0 0
2.4595e-05 1.6132e-05 9.19497e-06 4.03235e-06 8.92678e-07 0 0 0 0 0 0 0 0 0 0 0 0 0 0 -1.62911e-07
1.6132e-05 9.19497e-06 4.03235e-06 8.92678e-07 0 0 0 0 0 0 0 0 0 0 0 0 0 0 -1.62911e-07 -1.41607e-06
9.19497e-06 4.03235e-06 8.92678e-07 0 0 0 0 0 0 0 0 0 0 0 0 0 0 -1.62911e-07 -1.41607e-06 -2.66924e-06
4.03235e-06 8.92678e-07 0 0 0 0 0 0 0 0 0 0 0 0 0 0 -1.62911e-07 -1.41607e-06 -2.66924e-06 -3.9224e-06
8.92678e-07 0 0 0 0 0 0 0 0 0 0 0 0 0 0 -1.62911e-07 -1.41607e-06 -2.66924e-06 -3.9224e-06 -5.01265e-06
0 0 0 0 0 0 0 0 0 0 0 0 0 0 -1.62911e-07 -1.41607e-06 -2.66924e-06 -3.9224e-06 -5.01265e-06 -5.01265e-06
0 0 0 0 0 0 0 0 0 0 0 0 0 -1.62911e-07 -1.41607e-06 -2.66924e-06 -3.9224e-06 -5.01265e-06 -5.01265e-06 -5.01265e-06
0 0 0 0 0 0 0 0 0 0 0 0 -1.62911e-07 -1.41607e-06 -2.66924e-06 -3.9224e-06 -5.01265e-06 -5.01265e-06 -5.01265e-06 -5.01265e-06
0 0 0 0 0 0 0 0 0 0 0 -1.62911e-07 -1.41607e-06 -2.66924e-06 -3.9224e-06 -5.01265e-06 -5.01265e-06 -5.01265e-06 -5.01265e-06 -5.01265e-06
0 0 0 0 0 0 0 0 0 0 -1.62911e-07 -1.41607e-06 -2.66924e-06 -3.9224e-06 -5.01265e-06 -5.01265e-06 -5.01265e-06 -5.01265e-06 -5.01265e-06 -5.01265e-06
0 0 0 0 0 0 0 0 0 -1.62911e-07 -1.41607e-06 -2.66924e-06 -3.9224e-06 -5.01265e-06 -5.01265e-06 -5.01265e-06 -5.01265e-06 -5.01265e-06 -5.01265e-06 -5.01265e-06
0 0 0 0 0 0 0 0 -1.62911e-07 -1.41607e-06 -2.66924e-06 -3.9224e-06 -5.01265e-06 -5.01265e-06 -5.01265e-06 -5.01265e-06 -5.01265e-06 -5.01265e-06 -5.01265e-06 -5.01265e-06
0 0 0 0 0 0 0 -1.62911e-07 -1.41607e-06 -2.66924e-06 -3.9224e-06 -5.01265e-06 -5.01265e-06 -5.01265e-06 -5.01265e-06 -5.01265e-06 -5.01265e-06 -5.01265e-06 -5.01265e-06 -5.01265e-06
0 0 0 0 0 0 -1.62911e-07 -1.41607e-06 -2.66924e-06 -3.9224e-06 -5.01265e-06 -5.01265e-06 -5.01265e-06 -5.01265e-06 -5.01265e-06 -5.01265e-06 -5.01265e-06 -5.01265e-06 -5.01265e-06 -5.01265e-06
0 0 0 0 0 -1.62911e-07 -1.41607e-06 -2.66924e-06 -3.9224e-06 -5.01265e-06 -5.01265e-06 -5.01265e-06 -5.01265e-06 -5.01265e-06 -5.01265e-06 -5.01265e-06 -5.01265e-06 -5.01265e-06 -5.01265e-06 -5.01265e-06
0 0 0 0 -1.62911e-07 -1.41607e-06 -2.66924e-06 -3.9224e-06 -5.01265e-06 -5.01265e-06 -5.01265e-06 -5.01265e-06 -5.01265e-06 -5.01265e-06 -5.01265e-06 -5.01265e-06 -5.01265e-06 -5.01265e-06 -5.01265e-06 -5.01265e-06
0 0 0 -1.62911e-07 -1.41607e-06 -2.66924e-06 -3.9224e-06 -5.01265e-06 -5.01265e-06 -5.01265e-06 -5.01265e-06 -5.01265e-06 -5.01265e-06 -5.01265e-06 -5.01265e-06 -5.01265e-06 -5.01265e-06 -5.01265e-06 -5.01265e-06 -4.83459e-06
0 0 -1.62911e-07 -1.41607e-06 -2.66924e-06 -3.9224e-06 -5.01265e-06 -5.01265e-06 -5.01265e-06 -5.01265e-06 -5.01265e-06 -5.01265e-06 -5.01265e-06 -5.01265e-06 -5.01265e-06 -5.01265e-06 -5.01265e-06 -5.01265e-06 -4.83459e-06 -3.46485e-06
0 -1.62911e-07 -1.41607e-06 -2.66924e-06 -3.9224e-06 -5.01265e-06 -5.01265e-06 -5.01265e-06 -5.01265e-06 -5.01265e-06 -5.01265e-06 -5.01265e-06 -5.01265e-06 -5.01265e-06 -5.01265e-06 -5.01265e-06 -5.01265e-06 -4.83459e-06 -3.46485e-06 -2.09511e-06
-1.62911e-07 -1.41607e-06 -2.66924e-06 -3.9224e-06 -5.01265e-06 -5.01265e-06 -5.01265e-06 -5.01265e-06 -5.01265e-06 -5.01265e-06 -5.01265e-06 -5.01265e-06 -5.01265e-06 -5.01265e-06 -5.01265e-06 -5.01265e-06 -4.83459e-06 -3.46485e-06 -2.09511e-06 -7.25377e-07
-1.41607e-06 -2.66924e-06 -3.9224e-06 -5.01265e-06 -5.01265e-06 -5.01265e-06 -5.01265e-06 -5.01265e-06 -5.01265e-06 -5.01265e-06 -5.01265e-06 -5.01265e-06 -5.01265e-06 -5.01265e-06 -5.01265e-06 -4.83459e-06 -3.46485e-06 -2.09511e-06 -7.25377e-07 4.66293e-07
0 0 0 0 0 0 0 0 0 0 0 0 0 0 0 0 0 0 0 0
0 0 0 0 0 0 0 0 0 0 0 0 0 0 0 0 0 0 0 0
0 0 0 0 0 0 0 0 0 0 0 0 0 0 0 0 0 0 0 0
0 0 0 0 0 0 0 0 0 0 0 0 0 0 0 0 0 0 0 0
0 0 0 0 0 0 0 0 0 0 0 0 0 0 0 0 0 0 0 0
0 0 0 0 0 0 0 0 0 0 0 0 0 0 0 0 0 0 0 0
0 0 0 0 0 0 0 0 0 0 0 0 0 0 0 0 0 0 0 0
0 0 0 0 0 0 0 0 0 0 0 0 0 0 0 0 0 0 0 0
0 0 0 0 0 0 0 0 0 0 0 0 0 0 0 0 0 0 0 0
0 0 0 0 0 0 0 0 0 0 0 0 0 0 0 0 0 0 0 0
0 0 0 0 0 0 0 0 0 0 0 0 0 0 0 0 0 0 0 0
0 0 0 0 0 0 0 0 0 0 0 0 0 0 0 0 0 0 0 0.00325
0 0 0 0 0 0 0 0 0 0 0 0 0 0 0 0 0 0 0.00325 0.02825
0 0 0 0 0 0 0 0 0 0 0 0 0 0 0 0 0 0.00325 0.02825 0.05325
0 0 0 0 0 0 0 0 0 0 0 0 0 0 0 0 0.00325 0.02825 0.05325 0.07825
0 0 0 0 0 0 0 0 0 0 0 0 0 0 0 0.00325 0.02825 0.05325 0.07825 0.1
0 0 0 0 0 0 0 0 0 0 0 0 0 0 0.00325 0.02825 0.05325 0.07825 0.1 0.1
0 0 0 0 0 0 0 0 0 0 0 0 0 0.00325 0.02825 0.05325 0.07825 0.1 0.1 0.1
0 0 0 0 0 0 0 0 0 0 0 0 0.00325 0.02825 0.05325 0.07825 0.1 0.1 0.1 0.1
0 0 0 0 0 0 0 0 0 0 0 0.00325 0.02825 0.05325 0.07825 0.1 0.1 0.1 0.1 0.1
0 0 0 0 0 0 0 0 0 0 0.00325 0.02825 0.05325 0.07825 0.1 0.1 0.1 0.1 0.1 0.1
0 0 0 0 0 0 0 0 0 0.00325 0.02825 0.05325 0.07825 0.1 0.1 0.1 0.1 0.1 0.1 0.1
0 0 0 0 0 0 0 0 0.00325 0.02825 0.05325 0.07825 0.1 0.1 0.1 0.1 0.1 0.1 0.1 0.1
0 0 0 0 0 0 0 0.00325 0.02825 0.05325 0.07825 0.1 0.1 0.1 0.1 0.1 0.1 0.1 0.1 0.1
0 0 0 0 0 0 0.00325 0.02825 0.05325 0.07825 0.1 0.1 0.1 0.1 0.1 0.1 0.1 0.1 0.1 0.1
0 0 0 0 0 0.00325 0.02825 0.05325 0.07825 0.1 0.1 0.1 0.1 0.1 0.1 0.1 0.1 0.1 0.1 0.1
0 0 0 0 0.00325 0.02825 0.05325 0.07825 0.1 0.1 0.1 0.1 0.1 0.1 0.1 0.1 0.1 0.1 0.1 0.1
0 0 0 0.00325 0.02825 0.05325 0.07825 0.1 0.1 0.1 0.1 0.1 0.1 0.1 0.1 0.1 0.1 0.1 0.1 0.10325
0 0 0.00325 0.02825 0.05325 0.07825 0.1 0.1 0.1 0.1 0.1 0.1 0.1 0.1 0.1 0.1 0.1 0.1 0.10325 0.12825
0 0.00325 0.02825 0.05325 0.07825 0.1 0.1 0.1 0.1 0.1 0.1 0.1 0.1 0.1 0.1 0.1 0.1 0.10325 0.12825 0.15325
0.00325 0.02825 0.05325 0.07825 0.1 0.1 0.1 0.1 0.1 0.1 0.1 0.1 0.1 0.1 0.1 0.1 0.10325 0.12825 0.15325 0.17825
0.02825 0.05325 0.07825 0.1 0.1 0.1 0.1 0.1 0.1 0.1 0.1 0.1 0.1 0.1 0.1 0.10325 0.12825 0.15325 0.17825 0.2
-0.04675 -0.02175 0 0 0 0 0 0 0 0 0 0 0 0 0.00325 0.02825 0.05325 0.07825 0.1 0.1
-0.02175 0 0 0 0 0 0 0 0 0 0 0 0 0.00325 0.02825 0.05325 0.07825 0.1 0.1 0.1
0 0 0 0 0 0 0 0 0 0 0 0 0.00325 0.02825 0.05325 0.07825 0.1 0.1 0.1 0.1
0 0 0 0 0 0 0 0 0 0 0 0.00325 0.02825 0.05325 0.07825 0.1 0.1 0.1 0.1 0.1
0 0 0 0 0 0 0 0 0 0 0.00325 0.02825 0.05325 0.07825 0.1 0.1 0.1 0.1 0.1 0.1
0 0 0 0 0 0 0 0 0 0.00325 0.02825 0.05325 0.07825 0.1 0.1 0.1 0.1 0.1 0.1 0.1
0 0 0 0 0 0 0 0 0.00325 0.02825 0.05325 0.07825 0.1 0.1 0.1 0.1 0.1 0.1 0.1 0.1
0 0 0 0 0 0 0 0.00325 0.02825 0.05325 0.07825 0.1 0.1 0.1 0.1 0.1 0.1 0.1 0.1 0.1
0 0 0 0 0 0 0.00325 0.02825 0.05325 0.07825 0.1 0.1 0.1 0.1 0.1 0.1 0.1 0.1 0.1 0.1
0 0 0 0 0 0.00325 0.02825 0.05325 0.07825 0.1 0.1 0.1 0.1 0.1 0.1 0.1 0.1 0.1 0.1 0.1
0 0 0 0 0.00325 0.02825 0.05325 0.07825 0.1 0.1 0.1 0.1 0.1 0.1 0.1 0.1 0.1 0.1 0.1 0.1
0 0 0 0.00325 0.02825 0.05325 0.07825 0.1 0.1 0.1 0.1 0.1 0.1 0.1 0.1 0.1 0.1 0.1 0.1 0.10325
0 0 0.00325 0.02825 0.05325 0.07825 0.1 0.1 0.1 0.1 0.1 0.1 0.1 0.1 0.1 0.1 0.1 0.1 0.10325 0.12825
0 0.00325 0.02825 0.05325 0.07825 0.1 0.1 0.1 0.1 0.1 0.1 0.1 0.1 0.1 0.1 0.1 0.1 0.10325 0.12825 0.15325
0.00325 0.02825 0.05325 0.07825 0.1 0.1 0.1 0.1 0.1 0.1 0.1 0.1 0.1 0.1 0.1 0.1 0.10325 0.12825 0.15325 0.17825
0.02825 0.05325 0.07825 0.1 0.1 0.1 0.1 0.1 0.1 0.1 0.1 0.1 0.1 0.1 0.1 0.10325 0.12825 0.15325 0.17825 0.2
-0.04675 -0.02175 0 0 0 0 0 0 0 0 0 0 0 0 0.00325 0.02825 0.05325 0.07825 0.1 0.1
-0.02175 0 0 0 0 0 0 0 0 0 0 0 0 0.00325 0.02825 0.05325 0.07825 0.1 0.1 0.1
0 0 0 0 0 0 0 0 0 0 0 0 0.00325 0.02825 0.05325 0.07825 0.1 0.1 0.1 0.1
0 0 0 0 0 0 0 0 0 0 0 0.00325 0.02825 0.05325 0.07825 0.1 0.1 0.1 0.1 0.1
0 0 0 0 0 0 0 0 0 0 0.00325 0.02825 0.05325 0.07825 0.1 0.1 0.1 0.1 0.1 0.1
0 0 0 0 0 0 0 0 0 0.00325 0.02825 0.05325 0.07825 0.1 0.1 0.1 0.1 0.1 0.1 0.1
0 0 0 0 0 0 0 0 0.00325 0.02825 0.05325 0.07825 0.1 0.1 0.1 0.1 0.1 0.1 0.1 0.1
0 0 0 0 0 0 0 0.00325 0.02825 0.05325 0.07825 0.1 0.1 0.1 0.1 0.1 0.1 0.1 0.1 0.1
0 0 0 0 0 0 0.00325 0.02825 0.05325 0.07825 0.1 0.1 0.1 0.1 0.1 0.1 0.1 0.1 0.1 0.1
0 0 0 0 0 0.00325 0.02825 0.05325 0.07825 0.1 0.1 0.1 0.1 0.1 0.1 0.1 0.1 0.1 0.1 0.1
0 0 0 0 0.00325 0.02825 0.05325 0.07825 0.1 0.1 0.1 0.1 0.1 0.1 0.1 0.1 0.1 0.1 0.1 0.1
0 0 0 0.00325 0.02825 0.05325 0.07825 0.1 0.1 0.1 0.1 0.1 0.1 0.1 0.1 0.1 0.1 0.1 0.1 0.10325
0 0 0.00325 0.02825 0.05325 0.07825 0.1 0.1 0.1 0.1 0.1 0.1 0.1 0.1 0.1 0.1 0.1 0.1 0.10325 0.12825
0 0.00325 0.02825 0.05325 0.07825 0.1 0.1 0.1 0.1 0.1 0.1 0.1 0.1 0.1 0.1 0.1 0.1 0.10325 0.12825 0.15325
0.00325 0.02825 0.05325 0.07825 0.1 0.1 0.1 0.1 0.1 0.1 0.1 0.1 0.1 0.1 0.1 0.1 0.10325 0.12825 0.15325 0.17825
0.02825 0.05325 0.07825 0.1 0.1 0.1 0.1 0.1 0.1 0.1 0.1 0.1 0.1 0.1 0.1 0.10325 0.12825 0.15325 0.17825 0.2
-0.04675 -0.02175 0 0 0 0 0 0 0 0 0 0 0 0 0.00325 0.02825 0.05325 0.07825 0.1 0.1
-0.02175 0 0 0 0 0 0 0 0 0 0 0 0 0.00325 0.02825 0.05325 0.07825 0.1 0.1 0.1
0 0 0 0 0 0 0 0 0 0 0 0 0.00325 0.02825 0.05325 0.07825 0.1 0.1 0.1 0.1
0 0 0 0 0 0 0 0 0 0 0 0.00325 0.02825 0.05325 0.07825 0.1 0.1 0.1 0.1 0.1
0 0 0 0 0 0 0 0 0 0 0.00325 0.02825 0.05325 0.07825 0.1 0.1 0.1 0.1 0.1 0.1
0 0 0 0 0 0 0 0 0 0.00325 0.02825 0.05325 0.07825 0.1 0.1 0.1 0.1 0.1 0.1 0.1
0 0 0 0 0 0 0 0 0.00325 0.02825 0.05325 0.07825 0.1 0.1 0.1 0.1 0.1 0.1 0.1 0.1
0 0 0 0 0 0 0 0.00325 0.02825 0.05325 0.07825 0.1 0.1 0.1 0.1 0.1 0.1 0.1 0.1 0.1
0 0 0 0 0 0 0.00325 0.02825 0.05325 0.07825 0.1 0.1 0.1 0.1 0.1 0.1 0.1 0.1 0.1 0.1
0 0 0 0 0 0.00325 0.02825 0.05325 0.07825 0.1 0.1 0.1 0.1 0.1 0.1 0.1 0.1 0.1 0.1 0.1
0 0 0 0 0.00325 0.02825 0.05325 0.07825 0.1 0.1 0.1 0.1 0.1 0.1 0.1 0.1 0.1 0.1 0.1 0.1
0 0 0 0.00325 0.02825 0.05325 0.07825 0.1 0.1 0.1 0.1 0.1 0.1 0.1 0.1 0.1 0.1 0.1 0.1 0.10325
0 0 0.00325 0.02825 0.05325 0.07825 0.1 0.1 0.1 0.1 0.1 0.1 0.1 0.1 0.1 0.1 0.1 0.1 0.10325 0.12825
0 0.00325 0.02825 0.05325 0.07825 0.1 0.1 0.1 0.1 0.1 0.1 0.1 0.1 0.1 0.1 0.1 0.1 0.10325 0.12825 0.15325
0.00325 0.02825 0.05325 0.07825 0.1 0.1 0.1 0.1 0.1 0.1 0.1 0.1 0.1 0.1 0.1 0.1 0.10325 0.12825 0.15325 0.17825
0.02825 0.05325 0.07825 0.1 0.1 0.1 0.1 0.1 0.1 0.1 0.1 0.1 0.1 0.1 0.1 0.10325 0.12825 0.15325 0.17825 0.2
-0.04675 -0.02175 0 0 0 0 0 0 0 0 0 0 0 0 0.00325 0.02825 0.05325 0.07825 0.1 0.1
-0.02175 0 0 0 0 0 0 0 0 0 0 0 0 0.00325 0.02825 0.05325 0.07825 0.1 0.1 0.1
0 0 0 0 0 0 0 0 0 0 0 0 0.00325 0.02825 0.05325 0.07825 0.1 0.1 0.1 0.1
0 0 0 0 0 0 0 0 0 0 0 0.00325 0.02825 0.05325 0.07825 0.1 0.1 0.1 0.1 0.1
0 0 0 0 0 0 0 0 0 0 0.00325 0.02825 0.05325 0.07825 0.1 0.1 0.1 0.1 0.1 0.1
0 0 0 0 0 0 0 0 0 0.00325 0.02825 0.05325 0.07825 0.1 0.1 0.1 0.1 0.1 0.1 0.1
0 0 0 0 0 0 0 0 0.00325 0.02825 0.05325 0.07825 0.1 0.1 0.1 0.1 0.1 0.1 0.1 0.1
0 0 0 0 0 0 0 0.00325 0.02825 0.05325 0.07825 0.1 0.1 0.1 0.1 0.1 0.1 0.1 0.1 0.1
0 0 0 0 0 0 0.00325 0.02825 0.05325 0.07825 0.1 0.1 0.1 0.1 0.1 0.1 0.1 0.1 0.1 0.1
0 0 0 0 0 0.00325 0.02825 0.05325 0.07825 0.1 0.1 0.1 0.1 0.1 0.1 0.1 0.1 0.1 0.1 0.1
0 0 0 0 0.00325 0.02825 0.05325 0.07825 0.1 0.1 0.1 0.1 0.1 0.1 0.1 0.1 0.1 0.1 0.1 0.1
0 0 0 0.00325 0.02825 0.05325 0.07825 0.1 0.1 0.1 0.1 0.1 0.1 0.1 0.1 0.1 0.1 0.1 0.1 0.10325
0 0 0.00325 0.02825 0.05325 0.07825 0.1 0.1 0.1 0.1 0.1 0.1 0.1 0.1 0.1 0.1 0.1 0.1 0.10325 0.12825
0 0.00325 0.02825 0.05325 0.07825 0.1 0.1 0.1 0.1 0.1 0.1 0.1 0.1 0.1 0.1 0.1 0.1 0.10325 0.12825 0.15325
0.00325 0.02825 0.05325 0.07825 0.1 0.1 0.1 0.1 0.1 0.1 0.1 0.1 0.1 0.1 0.1 0.1 0.10325 0.12825 0.15325 0.17825
0.02825 0.05325 0.07825 0.1 0.1 0.1 0.1 0.1 0.1 0.1 0.1 0.1 0.1 0.1 0.1 0.10325 0.12825 0.15325 0.17825 0.2
-0.04675 -0.02175 0 0 0 0 0 0 0 0 0 0 0 0 0.00325 0.02825 0.05325 0.07825 0.1 0.1
-0.02175 0 0 0 0 0 0 0 0 0 0 0 0 0.00325 0.02825 0.05325 0.07825 0.1 0.1 0.1
0 0 0 0 0 0 0 0 0 0 0 0 0.00325 0.02825 0.05325 0.07825 0.1 0.1 0.1 0.1
0 0 0 0 0 0 0 0 0 0 0 0.00325 0.02825 0.05325 0.07825 0.1 0.1 0.1 0.1 0.1
0 0 0 0 0 0 0 0 0 0 0.00325 0.02825 0.05325 0.07825 0.1 0.1 0.1 0.1 0.1 0.1
0 0 0 0 0 0 0 0 0 0.00325 0.02825 0.05325 0.07825 0.1 0.1 0.1 0.1 0.1 0.1 0.1
0 0 0 0 0 0 0 0 0.00325 0.02825 0.05325 0.07825 0.1 0.1 0.1 0.1 0.1 0.1 0.1 0.1
0 0 0 0 0 0 0 0.00325 0.02825 0.05325 0.07825 0.1 0.1 0.1 0.1 0.1 0.1 0.1 0.1 0.1
0 0 0 0 0 0 0.00325 0.02825 0.05325 0.07825 0.1 0.1 0.1 0.1 0.1 0.1 0.1 0.1 0.1 0.1
0 0 0 0 0 0.00325 0.02825 0.05325 0.07825 0.1 0.1 0.1 0.1 0.1 0.1 0.1 0.1 0.1 0.1 0.1
0 0 0 0 0.00325 0.02825 0.05325 0.07825 0.1 0.1 0.1 0.1 0.1 0.1 0.1 0.1 0.1 0.1 0.1 0.1
0 0 0 0.00325 0.02825 0.05325 0.07825 0.1 0.1 0.1 0.1 0.1 0.1 0.1 0.1 0.1 0.1 0.1 0.1 0.10325
0 0 0.00325 0.02825 0.05325 0.07825 0.1 0.1 0.1 0.1 0.1 0.1 0.1 0.1 0.1 0.1 0.1 0.1 0.10325 0.12825
0 0.00325 0.02825 0.05325 0.07825 0.1 0.1 0.1 0.1 0.1 0.1 0.1 0.1 0.1 0.1 0.1 0.1 0.10325 0.12825 0.15325
0.00325 0.02825 0.05325 0.07825 0.1 0.1 0.1 0.1 0.1 0.1 0.1 0.1 0.1 0.1 0.1 0.1 0.10325 0.12825 0.15325 0.17825
0.02825 0.05325 0.07825 0.1 0.1 0.1 0.1 0.1 0.1 0.1 0.1 0.1 0.1 0.1 0.1 0.10325 0.12825 0.15325 0.17825 0.2
-0.04675 -0.02175 0 0 0 0 0 0 0 0 0 0 0 0 0.00325 0.02825 0.05325 0.07825 0.1 0.1
-0.02175 0 0 0 0 0 0 0 0 0 0 0 0 0.00325 0.02825 0.05325 0.07825 0.1 0.1 0.1
0 0 0 0 0 0 0 0 0 0 0 0 0.00325 0.02825 0.05325 0.07825 0.1 0.1 0.1 0.1
0 0 0 0 0 0 0 0 0 0 0 0.00325 0.02825 0.05325 0.07825 0.1 0.1 0.1 0.1 0.1
0 0 0 0 0 0 0 0 0 0 0.00325 0.02825 0.05325 0.07825 0.1 0.1 0.1 0.1 0.1 0.1
0 0 0 0 0 0 0 0 0 0.00325 0.02825 0.05325 0.07825 0.1 0.1 0.1 0.1 0.1 0.1 0.1
0 0 0 0 0 0 0 0 0.00325 0.02825 0.05325 0.07825 0.1 0.1 0.1 0.1 0.1 0.1 0.1 0.1
0 0 0 0 0 0 0 0.00325 0.02825 0.05325 0.07825 0.1 0.1 0.1 0.1 0.1 0.1 0.1 0.1 0.1
0 0 0 0 0 0 0.00325 0.02825 0.05325 0.07825 0.1 0.1 0.1 0.1 0.1 0.1 0.1 0.1 0.1 0.1
0 0 0 0 0 0.00325 0.02825 0.05325 0.07825 0.1 0.1 0.1 0.1 0.1 0.1 0.1 0.1 0.1 0.1 0.1
0 0 0 0 0.00325 0.02825 0.05325 0.07825 0.1 0.1 0.1 0.1 0.1 0.1 0.1 0.1 0.1 0.1 0.1 0.1
0 0 0 0.00325 0.02825 0.05325 0.07825 0.1 0.1 0.1 0.1 0.1 0.1 0.1 0.1 0.1 0.1 0.1 0.1 0.10325
0 0 0.00325 0.02825 0.05325 0.07825 0.1 0.1 0.1 0.1 0.1 0.1 0.1 0.1 0.1 0.1 0.1 0.1 0.10325 0.12825
0 0.00325 0.02825 0.05325 0.07825 0.1 0.1 0.1 0.1 0.1 0.1 0.1 0.1 0.1 0.1 0.1 0.1 0.10325 0.12825 0.15325
0.00325 0.02825 0.05325 0.07825 0.1 0.1 0.1 0.1 0.1 0.1 0.1 0.1 0.1 0.1 0.1 0.1 0.10325 0.12825 0.15325 0.17825
0.02825 0.05325 0.07825 0.1 0.1 0.1 0.1 0.1 0.1 0.1 0.1 0.1 0.1 0.1 0.1 0.10325 0.12825 0.15325 0.17825 0.2
-0.04675 -0.02175 0 0 0 0 0 0 0 0 0 0 0 0 0.00325 0.02825 0.05325 0.07825 0.1 0.1
-0.02175 0 0 0 0 0 0 0 0 0 0 0 0 0.00325 0.02825 0.05325 0.07825 0.1 0.1 0.1
0 0 0 0 0 0 0 0 0 0 0 0 0.00325 0.02825 0.05325 0.07825 0.1 0.1 0.1 0.1
0 0 0 0 0 0 0 0 0 0 0 0.00325 0.02825 0.05325 0.07825 0.1 0.1 0.1 0.1 0.1
0 0 0 0 0 0 0 0 0 0 0.00325 0.02825 0.05325 0.07825 0.1 0.1 0.1 0.1 0.1 0.1
0 0 0 0 0 0 0 0 0 0.00325 0.02825 0.05325 0.07825 0.1 0.1 0.1 0.1 0.1 0.1 0.1
0 0 0 0 0 0 0 0 0.00325 0.02825 0.05325 0.07825 0.1 0.1 0.1 0.1 0.1 0.1 0.1 0.1
0 0 0 0 0 0 0 0.00325 0.02825 0.05325 0.07825 0.1 0.1 0.1 0.1 0.1 0.1 0.1 0.1 0.1
0 0 0 0 0 0 0.00325 0.02825 0.05325 0.07825 0.1 0.1 0.1 0.1 0.1 0.1 0.1 0.1 0.1 0.1
0 0 0 0 0 0.00325 0.02825 0.05325 0.07825 0.1 0.1 0.1 0.1 0.1 0.1 0.1 0.1 0.1 0.1 0.1
0 0 0 0 0.00325 0.02825 0.05325 0.07825 0.1 0.1 0.1 0.1 0.1 0.1 0.1 0.1 0.1 0.1 0.1 0.1
0 0 0 0.00325 0.02825 0.05325 0.07825 0.1 0.1 0.1 0.1 0.1 0.1 0.1 0.1 0.1 0.1 0.1 0.1 0.10325
0 0 0.00325 0.02825 0.05325 0.07825 0.1 0.1 0.1 0.1 0.1 0.1 0.1 0.1 0.1 0.1 0.1 0.1 0.10325 0.12825
0 0.00325 0.02825 0.05325 0.07825 0.1 0.1 0.1 0.1 0.1 0.1 0.1 0.1 0.1 0.1 0.1 0.1 0.10325 0.12825 0.15325
0.00325 0.02825 0.05325 0.07825 0.1 0.1 0.1 0.1 0.1 0.1 0.1 0.1 0.1 0.1 0.1 0.1 0.10325 0.12825 0.15325 0.17825
0.02825 0.05325 0.07825 0.1 0.1 0.1 0.1 0.1 0.1 0.1 0.1 0.1 0.1 0.1 0.1 0.10325 0.12825 0.15325 0.17825 0.2
-0.04675 -0.02175 0 0 0 0 0 0 0 0 0 0 0 0 0.00325 0.02825 0.05325 0.07825 0.1 0.1
-0.02175 0 0 0 0 0 0 0 0 0 0 0 0 0.00325 0.02825 0.05325 0.07825 0.1 0.1 0.1
0 0 0 0 0 0 0 0 0 0 0 0 0.00325 0.02825 0.05325 0.07825 0.1 0.1 0.1 0.1
0 0 0 0 0 0 0 0 0 0 0 0.00325 0.02825 0.05325 0.07825 0.1 0.1 0.1 0.1 0.1
0 0 0 0 0 0 0 0 0 0 0.00325 0.02825 0.05325 0.07825 0.1 0.1 0.1 0.1 0.1 0.1
0 0 0 0 0 0 0 0 0 0.00325 0.02825 0.05325 0.07825 0.1 0.1 0.1 0.1 0.1 0.1 0.1
0 0 0 0 0 0 0 0 0.00325 0.02825 0.05325 0.07825 0.1 0.1 0.1 0.1 0.1 0.1 0.1 0.1
0 0 0 0 0 0 0 0.00325 0.02825 0.05325 0.07825 0.1 0.1 0.1 0.1 0.1 0.1 0.1 0.1 0.1
0 0 0 0 0 0 0.00325 0.02825 0.05325 0.07825 0.1 0.1 0.1 0.1 0.1 0.1 0.1 0.1 0.1 0.1
0 0 0 0 0 0.00325 0.02825 0.05325 0.07825 0.1 0.1 0.1 0.1 0.1 0.1 0.1 0.1 0.1 0.1 0.1
0 0 0 0 0.00325 0.02825 0.05325 0.07825 0.1 0.1 0.1 0.1 0.1 0.1 0.1 0.1 0.1 0.1 0.1 0.1
0 0 0 0.00325 0.02825 0.05325 0.07825 0.1 0.1 0.1 0.1 0.1 0.1 0.1 0.1 0.1 0.1 0.1 0.1 0.10325
0 0 0.00325 0.02825 0.05325 0.07825 0.1 0.1 0.1 0.1 0.1 0.1 0.1 0.1 0.1 0.1 0.1 0.1 0.10325 0.12825
0 0.00325 0.02825 0.05325 0.07825 0.1 0.1 0.1 0.1 0.1 0.1 0.1 0.1 0.1 0.1 0.1 0.1 0.10325 0.12825 0.15325
0.00325 0.02825 0.05325 0.07825 0.1 0.1 0.1 0.1 0.1 0.1 0.1 0.1 0.1 0.1 0.1 0.1 0.10325 0.12825 0.15325 0.17825
0.02825 0.05325 0.07825 0.1 0.1 0.1 0.1 0.1 0.1 0.1 0.1 0.1 0.1 0.1 0.1 0.10325 0.12825 0.15325 0.17825 0.2
-0.04675 -0.02175 0 0 0 0 0 0 0 0 0 0 0 0 0.00325 0.02825 0.05325 0.07825 0.1 0.1
-0.02175 0 0 0 0 0 0 0 0 0 0 0 0 0.00325 0.02825 0.05325 0.07825 0.1 0.1 0.1
0 0 0 0 0 0 0 0 0 0 0 0 0.00325 0.02825 0.05325 0.07825 0.1 0.1 0.1 0.1
0 0 0 0 0 0 0 0 0 0 0 0.00325 0.02825 0.05325 0.07825 0.1 0.1 0.1 0.1 0.1
0 0 0 0 0 0 0 0 0 0 0.00325 0.02825 0.05325 0.07825 0.1 0.1 0.1 0.1 0.1 0.1
0 0 0 0 0 0 0 0 0 0.00325 0.02825 0.05325 0.07825 0.1 0.1 0.1 0.1 0.1 0.1 0.1
0 0 0 0 0 0 0 0 0.00325 0.02825 0.05325 0.07825 0.1 0.1 0.1 0.1 0.1 0.1 0.1 0.1
