-0.102272 -0.108344 0.0380674 -3.49335 81.6834 -1972.76 47579.8 -1.14762e+06 2.76802e+07 -6.67639e+08 1.61033e+10 -3.88407e+11 9.36827e+12 -2.2596e+14 5.4501e+15 -1.31455e+17 3.17066e+18 -7.64755e+19 1.84457e+21 -4.44905e+22
-0.101295 -0.131879 0.60581 -17.1871 411.973 -9939.24 239729 -5.78221e+06 1.39465e+08 -3.36387e+09 8.11357e+10 -1.95697e+12 4.72016e+13 -1.13849e+15 2.74601e+16 -6.6233e+17 1.59752e+19 -3.85318e+20 9.29378e+21 -2.24163e+23
-0.100543 -0.149723 1.03659 -27.5769 662.572 -15983.6 385518 -9.29861e+06 2.2428e+08 -5.40957e+09 1.30477e+11 -3.14708e+12 7.59068e+13 -1.83085e+15 4.41597e+16 -1.06512e+18 2.56904e+19 -6.19646e+20 1.49457e+22 -3.60486e+23
-0.100424 -0.152036 1.09294 -28.9356 695.344 -16774.1 404584 -9.75847e+06 2.35372e+08 -5.6771e+09 1.3693e+11 -3.30272e+12 7.96608e+13 -1.9214e+15 4.63436e+16 -1.1178e+18 2.69609e+19 -6.5029e+20 1.56848e+22 -3.78314e+23
-0.100183 -0.157264 1.21964 -31.9909 769.037 -18551.6 447456 -1.07925e+07 2.60313e+08 -6.27868e+09 1.5144e+11 -3.65269e+12 8.8102e+13 -2.125e+15 5.12544e+16 -1.23624e+18 2.98178e+19 -7.19199e+20 1.73469e+22 -4.18402e+23
-0.099863 -0.164352 1.39123 -36.129 868.85 -20959 505523 -1.21931e+07 2.94094e+08 -7.09347e+09 1.71093e+11 -4.12671e+12 9.95352e+13 -2.40076e+15 5.79058e+16 -1.39667e+18 3.36874e+19 -8.1253e+20 1.9598e+22 -4.72699e+23
-0.0994531 -0.173537 1.61348 -41.4889 998.13 -24077.2 580733 -1.40071e+07 3.37848e+08 -8.14881e+09 1.96547e+11 -4.74067e+12 1.14344e+14 -2.75794e+15 6.65208e+16 -1.60446e+18 3.86992e+19 -9.33415e+20 2.25137e+22 -5.43025e+23
-0.0989395 -0.185128 1.89386 -48.2508 1161.22 -28011 675615 -1.62957e+07 3.93047e+08 -9.48019e+09 2.2866e+11 -5.51521e+12 1.33026e+14 -3.20854e+15 7.73892e+16 -1.86661e+18 4.5022e+19 -1.08592e+21 2.61921e+22 -6.31747e+23
-0.098305 -0.199516 2.24181 -56.6424 1363.63 -32892.9 793367 -1.91358e+07 4.6155e+08 -1.11325e+10 2.68512e+11 -6.47645e+12 1.5621e+14 -3.76775e+15 9.08771e+16 -2.19193e+18 5.28688e+19 -1.27518e+21 3.07571e+22 -7.41852e+23
-0.0975281 -0.217185 2.66908 -66.9469 1612.17 -38887.7 937959 -2.26233e+07 5.45669e+08 -1.31614e+10 3.17449e+11 -7.65679e+12 1.8468e+14 -4.45443e+15 1.0744e+17 -2.59142e+18 6.25043e+19 -1.50759e+21 3.63626e+22 -8.77056e+23
-0.0965826 -0.238733 3.19008 -79.5121 1915.24 -46197.7 1.11427e+06 -2.6876e+07 6.48242e+08 -1.56354e+10 3.77123e+11 -9.0961e+12 2.19396e+14 -5.29176e+15 1.27636e+17 -3.07854e+18 7.42537e+19 -1.79098e+21 4.3198e+22 -1.04192e+24
-0.0954366 -0.264886 3.82243 -94.7626 2283.08 -55069.9 1.32827e+06 -3.20375e+07 7.72736e+08 -1.86382e+10 4.49548e+11 -1.0843e+13 2.6153e+14 -6.30803e+15 1.52148e+17 -3.66977e+18 8.85139e+19 -2.13493e+21 5.1494e+22 -1.24202e+24
-0.0940513 -0.29653 4.58748 -113.214 2728.12 -65804 1.58717e+06 -3.82822e+07 9.23357e+08 -2.22711e+10 5.37173e+11 -1.29565e+13 3.12507e+14 -7.53759e+15 1.81805e+17 -4.38508e+18 1.05767e+20 -2.55107e+21 6.15312e+22 -1.48412e+24
-0.0923799 -0.334734 5.51109 -135.489 3265.39 -78763 1.89974e+06 -4.58212e+07 1.1052e+09 -2.6657e+10 6.42961e+11 -1.5508e+13 3.7405e+14 -9.02199e+15 2.17608e+17 -5.24865e+18 1.26596e+20 -3.05346e+21 7.36487e+22 -1.77639e+24
-0.0906222 -0.374606 6.47544 -158.746 3826.35 -92293.1 2.22608e+06 -5.36925e+07 1.29505e+09 -3.12363e+10 7.53411e+11 -1.81721e+13 4.38305e+14 -1.05718e+16 2.54989e+17 -6.15028e+18 1.48343e+20 -3.57799e+21 8.63003e+22 -2.08154e+24
-0.0892333 -0.405113 7.21426 -176.563 4256.1 -102659 2.4761e+06 -5.97228e+07 1.4405e+09 -3.47444e+10 8.38027e+11 -2.0213e+13 4.87532e+14 -1.17591e+16 2.83627e+17 -6.84102e+18 1.65004e+20 -3.97984e+21 9.59927e+22 -2.31532e+24
-0.0873697 -0.446759 8.22207 -200.868 4842.33 -116798 2.81714e+06 -6.79487e+07 1.6389e+09 -3.953e+10 9.53452e+11 -2.2997e+13 5.54682e+14 -1.33788e+16 3.22693e+17 -7.78326e+18 1.8773e+20 -4.52801e+21 1.09214e+23 -2.63422e+24
-0.0850228 -0.499641 9.50136 -231.721 5586.49 -134747 3.25006e+06 -7.83907e+07 1.89076e+09 -4.56047e+10 1.09997e+12 -2.65311e+13 6.39923e+14 -1.54348e+16 3.72282e+17 -8.97935e+18 2.1658e+20 -5.22384e+21 1.25998e+23 -3.03903e+24
-0.081857 -0.57173 11.2443 -273.756 6600.38 -159202 3.83991e+06 -9.26176e+07 2.23391e+09 -5.38813e+10 1.2996e+12 -3.13461e+13 7.5606e+14 -1.8236e+16 4.39847e+17 -1.0609e+19 2.55886e+20 -6.1719e+21 1.48865e+23 -3.59058e+24
-0.0772506 -0.677955 13.8108 -335.655 8093.36 -195212 4.70847e+06 -1.13567e+08 2.73921e+09 -6.60689e+10 1.59357e+12 -3.84364e+13 9.27075e+14 -2.23608e+16 5.39337e+17 -1.30087e+19 3.13766e+20 -7.56794e+21 1.82537e+23 -4.40274e+24
-0.0719559 -0.800232 16.7672 -406.956 9813.13 -236693 5.70896e+06 -1.37699e+08 3.32126e+09 -8.01078e+10 1.93218e+12 -4.66037e+13 1.12407e+15 -2.71122e+16 6.5394e+17 -1.57729e+19 3.80437e+20 -9.17605e+21 2.21324e+23 -5.33827e+24
-0.0662246 -0.930193 19.9098 -482.745 11641.2 -280784 6.77244e+06 -1.63349e+08 3.93994e+09 -9.50304e+10 2.29211e+12 -5.52851e+13 1.33346e+15 -3.21627e+16 7.75757e+17 -1.8711e+19 4.51306e+20 -1.08854e+22 2.62552e+23 -6.33269e+24
-0.0577439 -1.12562 24.6326 -596.65 14388.5 -347050 8.37075e+06 -2.019e+08 4.86978e+09 -1.17458e+11 2.83305e+12 -6.83325e+13 1.64816e+15 -3.97532e+16 9.58837e+17 -2.31269e+19 5.57815e+20 -1.34543e+22 3.24515e+23 -7.82722e+24
-0.0485302 -1.33682 29.738 -719.778 17358.4 -418682 1.00985e+07 -2.43573e+08 5.87491e+09 -1.41701e+11 3.4178e+12 -8.24364e+13 1.98834e+15 -4.79584e+16 1.15674e+18 -2.79003e+19 6.72949e+20 -1.62313e+22 3.91496e+23 -9.44278e+24
-0.0374877 -1.58983 35.8542 -867.287 20916.2 -504497 1.21683e+07 -2.93497e+08 7.07906e+09 -1.70745e+11 4.11833e+12 -9.9333e+13 2.39589e+15 -5.77881e+16 1.39383e+18 -3.36189e+19 8.1088e+20 -1.95582e+22 4.71739e+23 -1.13782e+25
-0.0242424 -1.89322 43.1885 -1044.17 25182.7 -607402 1.46504e+07 -3.53363e+08 8.52302e+09 -2.05573e+11 4.95837e+12 -1.19595e+14 2.88459e+15 -6.95755e+16 1.67814e+18 -4.04764e+19 9.7628e+20 -2.35476e+22 5.67962e+23 -1.36991e+25
-0.00834522 -2.25729 51.9896 -1256.43 30302.3 -730887 1.76288e+07 -4.25202e+08 1.02558e+10 -2.47366e+11 5.96641e+12 -1.43908e+14 3.47103e+15 -8.37203e+16 2.01931e+18 -4.87053e+19 1.17476e+21 -2.83349e+22 6.83429e+23 -1.64841e+25
0.0107425 -2.69437 62.5556 -1511.26 36448.7 -879136 2.12045e+07 -5.11447e+08 1.2336e+10 -2.97541e+11 7.1766e+12 -1.73098e+14 4.17507e+15 -1.00702e+17 2.4289e+18 -5.85843e+19 1.41304e+21 -3.40821e+22 8.22052e+23 -1.98277e+25
0.0336679 -3.21927 75.2449 -1817.29 43830.2 -1.05718e+06 2.54988e+07 -6.15024e+08 1.48342e+10 -3.57798e+11 8.62998e+12 -2.08153e+14 5.02059e+15 -1.21095e+17 2.92079e+18 -7.04487e+19 1.6992e+21 -4.09843e+22 9.88532e+23 -2.38431e+25
0.0612082 -3.8498 90.4876 -2184.91 52697 -1.27104e+06 3.06572e+07 -7.39443e+08 1.78352e+10 -4.3018e+11 1.03758e+13 -2.50262e+14 6.03626e+15 -1.45593e+17 3.51166e+18 -8.47004e+19 2.04295e+21 -4.92754e+22 1.18851e+24 -2.86666e+25
0.0945826 -4.61422 108.967 -2630.58 63446.6 -1.53032e+06 3.69108e+07 -8.9028e+08 2.14733e+10 -5.17931e+11 1.24923e+13 -3.01312e+14 7.26757e+15 -1.75292e+17 4.22799e+18 -1.01978e+20 2.45969e+21 -5.9327e+22 1.43095e+24 -3.45142e+25
0.135496 -5.55225 131.642 -3177.45 76636.9 -1.84846e+06 4.45845e+07 -1.07537e+09 2.59375e+10 -6.25607e+11 1.50895e+13 -3.63954e+14 8.77848e+15 -2.11735e+17 5.10698e+18 -1.23179e+20 2.97105e+21 -7.16609e+22 1.72844e+24 -4.16895e+25
0.184449 -6.674 158.759 -3831.44 92411.2 -2.22894e+06 5.37613e+07 -1.29671e+09 3.12763e+10 -7.54376e+11 1.81953e+13 -4.38867e+14 1.05854e+16 -2.55316e+17 6.15816e+18 -1.48533e+20 3.58258e+21 -8.64109e+22 2.08421e+24 -5.02705e+25
0.243162 -8.01887 191.27 -4615.54 111323 -2.6851e+06 6.47638e+07 -1.56209e+09 3.76771e+10 -9.08762e+11 2.19191e+13 -5.28683e+14 1.27517e+16 -3.07567e+17 7.41844e+18 -1.78931e+20 4.31577e+21 -1.04095e+23 2.51075e+24 -6.05586e+25
0.31346 -9.62792 230.168 -5553.64 133950 -3.23085e+06 7.79272e+07 -1.87958e+09 4.53351e+10 -1.09347e+12 2.63742e+13 -6.36139e+14 1.53435e+16 -3.70081e+17 8.92627e+18 -2.15299e+20 5.19296e+21 -1.25253e+23 3.02107e+24 -7.28673e+25
0.397668 -11.5565 276.79 -6678.07 161071 -3.885e+06 9.37051e+07 -2.26014e+09 5.4514e+10 -1.31486e+12 3.17142e+13 -7.64938e+14 1.84501e+16 -4.45012e+17 1.07336e+19 -2.58891e+20 6.24438e+21 -1.50613e+23 3.63274e+24 -8.76207e+25
0.497402 -13.8374 331.932 -8007.96 193148 -4.65868e+06 1.12366e+08 -2.71024e+09 6.53703e+10 -1.57672e+12 3.803e+13 -9.17273e+14 2.21244e+16 -5.33634e+17 1.28711e+19 -3.10448e+20 7.48792e+21 -1.80607e+23 4.35619e+24 -1.0507e+26
0.618945 -16.6211 399.216 -9630.75 232289 -5.60276e+06 1.35137e+08 -3.25947e+09 7.86176e+10 -1.89624e+12 4.57367e+13 -1.10316e+15 2.66079e+16 -6.41775e+17 1.54794e+19 -3.7336e+20 9.00534e+21 -2.17207e+23 5.23896e+24 -1.26362e+26
0.763344 -19.9346 479.243 -11560.9 278844 -6.72564e+06 1.62221e+08 -3.91272e+09 9.43737e+10 -2.27627e+12 5.4903e+13 -1.32425e+15 3.19405e+16 -7.70396e+17 1.85818e+19 -4.48187e+20 1.08102e+22 -2.60738e+23 6.28893e+24 -1.51687e+26
0.928584 -23.7834 572.23 -13803.4 332934 -8.03028e+06 1.93688e+08 -4.67171e+09 1.1268e+11 -2.71782e+12 6.55532e+13 -1.58113e+15 3.81363e+16 -9.19838e+17 2.21863e+19 -5.35127e+20 1.29071e+22 -3.11316e+23 7.50886e+24 -1.81112e+26
0.784763 -20.117 484.121 -11677.9 281668 -6.79375e+06 1.63864e+08 -3.95235e+09 9.53295e+10 -2.29932e+12 5.54591e+13 -1.33766e+15 3.2264e+16 -7.78198e+17 1.87699e+19 -4.52726e+20 1.09196e+22 -2.63379e+23 6.35263e+24 -1.53224e+26
0.137215 -4.22166 100.985 -2436.55 58768.2 -1.41748e+06 3.41891e+07 -8.24633e+08 1.98899e+10 -4.7974e+11 1.15712e+13 -2.79094e+14 6.73168e+15 -1.62366e+17 3.91623e+18 -9.44585e+19 2.27831e+21 -5.49524e+22 1.32544e+24 -3.19692e+25
-0.299051 6.39843 -155.152 3741.4 -90242.3 2.17662e+06 -5.24995e+07 1.26627e+09 -3.05422e+10 7.3667e+11 -1.77683e+13 4.28566e+14 -1.03369e+16 2.49323e+17 -6.01362e+18 1.45047e+20 -3.49849e+21 8.43827e+22 -2.03529e+24 4.90906e+25
-0.345132 7.44096 -180.369 4349.56 -104911 2.53043e+06 -6.10332e+07 1.47211e+09 -3.55068e+10 8.56415e+11 -2.06565e+13 4.98229e+14 -1.20172e+16 2.89851e+17 -6.99112e+18 1.68624e+20 -4.06717e+21 9.8099e+22 -2.36612e+24 5.70703e+25
-0.409079 8.90156 -215.682 5201.21 -125453 3.02589e+06 -7.29836e+07 1.76035e+09 -4.24591e+10 1.0241e+12 -2.47011e+13 5.95783e+14 -1.43701e+16 3.46604e+17 -8.36e+18 2.01641e+20 -4.86353e+21 1.17307e+23 -2.82941e+24 6.82447e+25
-0.486219 10.6648 -258.309 6229.28 -150250 3.62398e+06 -8.74095e+07 2.10829e+09 -5.08515e+10 1.22652e+12 -2.95835e+13 7.13545e+14 -1.72105e+16 4.15113e+17 -1.00124e+19 2.41497e+20 -5.82485e+21 1.40494e+23 -3.38867e+24 8.17339e+25
-0.579469 12.7976 -309.871 7472.81 -180243 4.34742e+06 -1.04859e+08 2.52916e+09 -6.10028e+10 1.47137e+12 -3.54891e+13 8.55987e+14 -2.06462e+16 4.97981e+17 -1.20112e+19 2.89706e+20 -6.98764e+21 1.6854e+23 -4.06514e+24 9.80501e+25
-0.69259 15.3867 -372.463 8982.38 -216654 5.22564e+06 -1.26041e+08 3.04008e+09 -7.33258e+10 1.7686e+12 -4.26582e+13 1.0289e+15 -2.48169e+16 5.98577e+17 -1.44375e+19 3.48229e+20 -8.39919e+21 2.02586e+23 -4.88633e+24 1.17857e+26
-0.828484 18.4972 -447.659 10795.9 -260396 6.28068e+06 -1.51488e+08 3.65386e+09 -8.81302e+10 2.12568e+12 -5.12708e+13 1.23664e+15 -2.98274e+16 7.19428e+17 -1.73524e+19 4.18536e+20 -1.0095e+22 2.43488e+23 -5.87287e+24 1.41652e+26
-0.991823 22.2359 -538.041 12975.7 -312972 7.54881e+06 -1.82075e+08 4.39161e+09 -1.05924e+11 2.55487e+12 -6.16228e+13 1.48633e+15 -3.58498e+16 8.64688e+17 -2.0856e+19 5.03042e+20 -1.21332e+22 2.92651e+23 -7.05866e+24 1.70253e+26
-1.18798 26.7249 -646.563 15593 -376100 9.07144e+06 -2.18801e+08 5.27742e+09 -1.2729e+11 3.0702e+12 -7.40524e+13 1.78612e+15 -4.30809e+16 1.0391e+18 -2.50628e+19 6.04508e+20 -1.45806e+22 3.5168e+23 -8.48242e+24 2.04594e+26
-1.42357 32.1183 -776.937 18737.4 -451942 1.09007e+07 -2.62923e+08 6.34163e+09 -1.52958e+11 3.68932e+12 -8.89853e+13 2.1463e+15 -5.17683e+16 1.24864e+18 -3.01168e+19 7.26409e+20 -1.75208e+22 4.22597e+23 -1.01929e+25 2.45851e+26
-1.70517 38.5713 -932.854 22497.8 -542643 1.30884e+07 -3.15689e+08 7.61433e+09 -1.83656e+11 4.42972e+12 -1.06844e+14 2.57704e+15 -6.21576e+16 1.49923e+18 -3.61609e+19 8.72192e+20 -2.1037e+22 5.07408e+23 -1.22385e+25 2.95191e+26
-2.03561 46.2072 -1117.38 26948.1 -649984 1.56774e+07 -3.78136e+08 9.12053e+09 -2.19985e+11 5.30597e+12 -1.27979e+14 3.08681e+15 -7.44531e+16 1.79579e+18 -4.3314e+19 1.04472e+21 -2.51984e+22 6.07779e+23 -1.46595e+25 3.53583e+26
-2.0678 46.5554 -1126.28 27162.1 -655147 1.5802e+07 -3.81139e+08 9.19298e+09 -2.21732e+11 5.34813e+12 -1.28995e+14 3.11134e+15 -7.50446e+16 1.81006e+18 -4.36581e+19 1.05302e+21 -2.53986e+22 6.12607e+23 -1.47759e+25 3.56392e+26
-1.59436 34.651 -839.623 20247.6 -488371 1.17794e+07 -2.84116e+08 6.85279e+09 -1.65288e+11 3.98669e+12 -9.6158e+13 2.31931e+15 -5.5941e+16 1.34928e+18 -3.25444e+19 7.84961e+20 -1.89331e+22 4.5666e+23 -1.10145e+25 2.65668e+26
-1.24245 31.2122 -751.638 18130.5 -437301 1.05476e+07 -2.54405e+08 6.13618e+09 -1.48003e+11 3.5698e+12 -8.61026e+13 2.07677e+15 -5.00912e+16 1.20819e+18 -2.91411e+19 7.02876e+20 -1.69532e+22 4.08907e+23 -9.86272e+24 2.37886e+26
-0.189947 5.48368 -131.452 3171.37 -76491.9 1.84496e+06 -4.45001e+07 1.07333e+09 -2.58884e+10 6.24422e+11 -1.50609e+13 3.63265e+14 -8.76186e+15 2.11334e+17 -5.09731e+18 1.22946e+20 -2.96542e+21 7.15252e+22 -1.72517e+24 4.16106e+25
0.364051 -8.00149 193.788 -4673.31 112720 -2.71877e+06 6.55761e+07 -1.58168e+09 3.81497e+10 -9.2016e+11 2.2194e+13 -5.35314e+14 1.29116e+16 -3.11425e+17 7.51149e+18 -1.81175e+20 4.3699e+21 -1.05401e+23 2.54224e+24 -6.13182e+25
0.409082 -8.9982 217.92 -5255.28 126757 -3.05734e+06 7.37423e+07 -1.77865e+09 4.29005e+10 -1.03475e+12 2.49578e+13 -6.01977e+14 1.45195e+16 -3.50207e+17 8.4469e+18 -2.03737e+20 4.91408e+21 -1.18526e+23 2.85883e+24 -6.89541e+25
0.476244 -10.5165 254.643 -6140.94 148119 -3.57258e+06 8.61698e+07 -2.07839e+09 5.01303e+10 -1.20913e+12 2.91639e+13 -7.03425e+14 1.69664e+16 -4.09226e+17 9.87042e+18 -2.38072e+20 5.74223e+21 -1.38501e+23 3.34061e+24 -8.05747e+25
0.558901 -12.3927 300.017 -7235.23 174513 -4.2092e+06 1.01525e+08 -2.44875e+09 5.90633e+10 -1.42459e+12 3.43608e+13 -8.28773e+14 1.99898e+16 -4.82148e+17 1.16293e+19 -2.80495e+20 6.76548e+21 -1.63181e+23 3.93589e+24 -9.49327e+25
0.66015 -14.6977 355.751 -8579.38 206934 -4.99119e+06 1.20386e+08 -2.90368e+09 7.0036e+10 -1.68925e+12 4.07443e+13 -9.82741e+14 2.37035e+16 -5.71721e+17 1.37898e+19 -3.32606e+20 8.02236e+21 -1.93497e+23 4.6671e+24 -1.12569e+26
0.78402 -17.5238 424.082 -10227.3 246682 -5.94991e+06 1.4351e+08 -3.46143e+09 8.34888e+10 -2.01373e+12 4.85706e+13 -1.17151e+15 2.82565e+16 -6.81539e+17 1.64385e+19 -3.96493e+20 9.56332e+21 -2.30665e+23 5.56357e+24 -1.34192e+26
0.933777 -20.9441 506.775 -12221.7 294785 -7.11014e+06 1.71495e+08 -4.1364e+09 9.9769e+10 -2.4064e+12 5.80418e+13 -1.39995e+15 3.37665e+16 -8.14439e+17 1.96441e+19 -4.73809e+20 1.14282e+22 -2.75644e+23 6.64846e+24 -1.60359e+26
1.11456 -25.0758 606.665 -14630.8 352892 -8.51166e+06 2.05299e+08 -4.95176e+09 1.19435e+11 -2.88074e+12 6.94828e+13 -1.67591e+15 4.04224e+16 -9.74979e+17 2.35162e+19 -5.67205e+20 1.36808e+22 -3.29978e+23 7.95899e+24 -1.91969e+26
1.33233 -30.0545 727.029 -17533.7 422909 -1.02005e+07 2.46032e+08 -5.93424e+09 1.43132e+11 -3.45231e+12 8.32689e+13 -2.00842e+15 4.84426e+16 -1.16842e+18 2.81821e+19 -6.79744e+20 1.63953e+22 -3.95449e+23 9.53813e+24 -2.30057e+26
1.59449 -36.0516 872.002 -21030.1 507243 -1.22346e+07 2.95095e+08 -7.11761e+09 1.71675e+11 -4.14075e+12 9.98739e+13 -2.40893e+15 5.81028e+16 -1.40142e+18 3.3802e+19 -8.15295e+20 1.96647e+22 -4.74307e+23 1.14402e+25 -2.75934e+26
1.90835 -43.2409 1045.71 -25219.7 608294 -1.46719e+07 3.53882e+08 -8.53555e+09 2.05875e+11 -4.96566e+12 1.1977e+14 -2.88883e+15 6.96778e+16 -1.68061e+18 4.05359e+19 -9.77715e+20 2.35822e+22 -5.68797e+23 1.37192e+25 -3.30904e+26
2.27692 -51.7546 1251.45 -30181.7 727977 -1.75586e+07 4.23509e+08 -1.02149e+10 2.46381e+11 -5.94265e+12 1.43335e+14 -3.45721e+15 8.33869e+16 -2.01127e+18 4.85113e+19 -1.17008e+21 2.8222e+22 -6.80708e+23 1.64185e+25 -3.9601e+26
2.31362 -52.1596 1261.78 -30430.1 733970 -1.77032e+07 4.26996e+08 -1.0299e+10 2.4841e+11 -5.99158e+12 1.44515e+14 -3.48567e+15 8.40735e+16 -2.02783e+18 4.89107e+19 -1.17971e+21 2.84544e+22 -6.86312e+23 1.65537e+25 -3.9927e+26
1.78726 -38.9198 942.977 -22740.1 548489 -1.32294e+07 3.1909e+08 -7.69637e+09 1.85634e+11 -4.47745e+12 1.07995e+14 -2.60481e+15 6.28273e+16 -1.51538e+18 3.65505e+19 -8.81589e+20 2.12637e+22 -5.12875e+23 1.23704e+25 -2.98371e+26
0.919362 -23.4746 565.011 -13629.1 328729 -7.92885e+06 1.91242e+08 -4.6127e+09 1.11257e+11 -2.68349e+12 6.47252e+13 -1.56115e+15 3.76546e+16 -9.0822e+17 2.1906e+19 -5.28367e+20 1.27441e+22 -3.07384e+23 7.41402e+24 -1.78824e+26
0.163083 -4.90863 117.503 -2835.02 68379 -1.64928e+06 3.97803e+07 -9.5949e+08 2.31427e+10 -5.58195e+11 1.34635e+13 -3.24736e+14 7.83255e+15 -1.88919e+17 4.55668e+18 -1.09906e+20 2.6509e+21 -6.39391e+22 1.54219e+24 -3.71973e+25
-0.351721 7.62177 -184.708 4454.24 -107436 2.59133e+06 -6.25021e+07 1.50753e+09 -3.63613e+10 8.77026e+11 -2.11536e+13 5.1022e+14 -1.23064e+16 2.96826e+17 -7.15938e+18 1.72682e+20 -4.16505e+21 1.0046e+23 -2.42307e+24 5.84437e+25
-0.405552 8.83735 -214.113 5163.4 -124541 3.00389e+06 -7.24531e+07 1.74755e+09 -4.21504e+10 1.01666e+12 -2.45215e+13 5.91452e+14 -1.42657e+16 3.44084e+17 -8.29922e+18 2.00175e+20 -4.82817e+21 1.16454e+23 -2.80884e+24 6.77486e+25
-0.480548 10.5486 -255.487 6161.22 -148608 3.58439e+06 -8.64544e+07 2.08526e+09 -5.02959e+10 1.21312e+12 -2.92602e+13 7.05749e+14 -1.70225e+16 4.10578e+17 -9.90302e+18 2.38858e+20 -5.7612e+21 1.38959e+23 -3.35165e+24 8.08408e+25
-0.571169 12.6184 -305.529 7368.12 -177718 4.28652e+06 -1.0339e+08 2.49373e+09 -6.01481e+10 1.45076e+12 -3.49919e+13 8.43995e+14 -2.03569e+16 4.91004e+17 -1.18429e+19 2.85647e+20 -6.88974e+21 1.66179e+23 -4.00819e+24 9.66764e+25
-0.680784 15.1243 -366.111 8829.19 -212959 5.13651e+06 -1.23891e+08 2.98823e+09 -7.20752e+10 1.73844e+12 -4.19306e+13 1.01136e+15 -2.43936e+16 5.88368e+17 -1.41913e+19 3.4229e+20 -8.25594e+21 1.99131e+23 -4.80299e+24 1.15847e+26
-0.813711 18.1655 -439.633 10602.4 -255728 6.16808e+06 -1.48772e+08 3.58835e+09 -8.65501e+10 2.08757e+12 -5.03515e+13 1.21447e+15 -2.92926e+16 7.0653e+17 -1.70413e+19 4.11032e+20 -9.91399e+21 2.39123e+23 -5.76758e+24 1.39112e+26
-0.973521 21.8224 -528.038 12734.5 -307154 7.40847e+06 -1.7869e+08 4.30996e+09 -1.03955e+11 2.50737e+12 -6.04771e+13 1.45869e+15 -3.51833e+16 8.48611e+17 -2.04683e+19 4.9369e+20 -1.19077e+22 2.8721e+23 -6.92742e+24 1.67088e+26
-1.1657 26.2202 -634.358 15298.6 -369001 8.9002e+06 -2.14671e+08 5.1778e+09 -1.24887e+11 3.01224e+12 -7.26545e+13 1.75241e+15 -4.22676e+16 1.01948e+18 -2.45897e+19 5.93097e+20 -1.43053e+22 3.45041e+23 -8.3223e+24 2.00732e+26
-1.39659 31.5038 -762.087 18379.1 -443302 1.06923e+07 -2.57896e+08 6.22038e+09 -1.50034e+11 3.61878e+12 -8.72841e+13 2.10527e+15 -5.07785e+16 1.22476e+18 -2.9541e+19 7.12521e+20 -1.71858e+22 4.14518e+23 -9.99806e+24 2.4115e+26
-1.67404 37.8547 -915.608 22081.8 -532609 1.28464e+07 -3.09852e+08 7.47354e+09 -1.8026e+11 4.34782e+12 -1.04868e+14 2.52939e+15 -6.10083e+16 1.47151e+18 -3.54923e+19 8.56065e+20 -2.06481e+22 4.98026e+23 -1.20123e+25 2.89732e+26
-2.00589 45.4593 -1099.35 26513.3 -639498 1.54245e+07 -3.72035e+08 8.97339e+09 -2.16436e+11 5.22037e+12 -1.25914e+14 3.03701e+15 -7.3252e+16 1.76682e+18 -4.26152e+19 1.02787e+21 -2.47919e+22 5.97974e+23 -1.4423e+25 3.47878e+26
-2.39518 54.4541 -1316.71 31755.6 -765940 1.84743e+07 -4.45595e+08 1.07476e+10 -2.5923e+11 6.25256e+12 -1.5081e+14 3.6375e+15 -8.77355e+16 2.11616e+18 -5.10412e+19 1.2311e+21 -2.96938e+22 7.16206e+23 -1.72747e+25 4.16661e+26
-2.43578 54.9281 -1328.73 32044.9 -772918 1.86426e+07 -4.49654e+08 1.08455e+10 -2.61591e+11 6.30952e+12 -1.52184e+14 3.67063e+15 -8.85347e+16 2.13543e+18 -5.15061e+19 1.24231e+21 -2.99643e+22 7.22731e+23 -1.74321e+25 4.20457e+26
-1.88452 41.0593 -994.791 23989.6 -578628 1.39564e+07 -3.36624e+08 8.11927e+09 -1.95835e+11 4.72348e+12 -1.13929e+14 2.74794e+15 -6.62796e+16 1.59865e+18 -3.85589e+19 9.30031e+20 -2.24321e+22 5.41057e+23 -1.30501e+25 3.14766e+26
-0.976496 24.8748 -598.769 14443.3 -348368 8.40255e+06 -2.02667e+08 4.88828e+09 -1.17904e+11 2.84381e+12 -6.8592e+13 1.65442e+15 -3.99042e+16 9.62479e+17 -2.32148e+19 5.59934e+20 -1.35055e+22 3.25748e+23 -7.85696e+24 1.89508e+26
-0.184063 5.41829 -129.797 3131.53 -75530.9 1.82179e+06 -4.3941e+07 1.05985e+09 -2.55632e+10 6.16578e+11 -1.48717e+13 3.58701e+14 -8.65178e+15 2.08679e+17 -5.03327e+18 1.21401e+20 -2.92817e+21 7.06266e+22 -1.7035e+24 4.10879e+25
0.354121 -7.68448 186.216 -4490.61 108313 -2.61249e+06 6.30125e+07 -1.51985e+09 3.66583e+10 -8.84188e+11 2.13264e+13 -5.14387e+14 1.24069e+16 -2.9925e+17 7.21784e+18 -1.74092e+20 4.19906e+21 -1.0128e+23 2.44286e+24 -5.8921e+25
0.407198 -8.88105 215.164 -5188.74 125152 -3.01863e+06 7.28086e+07 -1.75613e+09 4.23573e+10 -1.02165e+12 2.46418e+13 -5.94355e+14 1.43357e+16 -3.45773e+17 8.33995e+18 -2.01157e+20 4.85186e+21 -1.17026e+23 2.82263e+24 -6.80811e+25
0.481913 -10.5848 256.358 -6182.23 149115 -3.59661e+06 8.67492e+07 -2.09237e+09 5.04674e+10 -1.21726e+12 2.936e+13 -7.08155e+14 1.70805e+16 -4.11978e+17 9.93679e+18 -2.39673e+20 5.78085e+21 -1.39432e+23 3.36307e+24 -8.11165e+25
0.572301 -12.6485 306.252 -7385.54 178138 -4.29665e+06 1.03634e+08 -2.49963e+09 6.02903e+10 -1.45419e+12 3.50746e+13 -8.4599e+14 2.04051e+16 -4.92165e+17 1.18709e+19 -2.86323e+20 6.90603e+21 -1.66572e+23 4.01766e+24 -9.6905e+25
0.681723 -15.1492 366.71 -8843.63 213307 -5.14491e+06 1.24094e+08 -2.99311e+09 7.21931e+10 -1.74128e+12 4.19992e+13 -1.01301e+15 2.44335e+16 -5.8933e+17 1.42145e+19 -3.4285e+20 8.26945e+21 -1.99457e+23 4.81085e+24 -1.16036e+26
0.814489 -18.1861 440.13 -10614.3 256016 -6.17505e+06 1.4894e+08 -3.59241e+09 8.66479e+10 -2.08992e+12 5.04084e+13 -1.21584e+15 2.93257e+16 -7.07328e+17 1.70606e+19 -4.11496e+20 9.92518e+21 -2.39393e+23 5.77409e+24 -1.3927e+26
0.974166 -21.8395 528.45 -12744.4 307393 -7.41424e+06 1.7883e+08 -4.31332e+09 1.04036e+11 -2.50933e+12 6.05243e+13 -1.45983e+15 3.52107e+16 -8.49273e+17 2.04842e+19 -4.94075e+20 1.19169e+22 -2.87434e+23 6.93282e+24 -1.67218e+26
1.16623 -26.2344 634.699 -15306.9 369199 -8.90499e+06 2.14786e+08 -5.18058e+09 1.24954e+11 -3.01387e+12 7.26936e+13 -1.75335e+15 4.22904e+16 -1.02003e+18 2.46029e+19 -5.93416e+20 1.4313e+22 -3.45227e+23 8.32678e+24 -2.0084e+26
1.39704 -31.5156 762.37 -18386 443467 -1.06963e+07 2.57992e+08 -6.22269e+09 1.5009e+11 -3.62013e+12 8.73165e+13 -2.10605e+15 5.07974e+16 -1.22522e+18 2.9552e+19 -7.12786e+20 1.71922e+22 -4.14672e+23 1.00018e+25 -2.4124e+26
1.67441 -37.8645 915.843 -22087.4 532746 -1.28497e+07 3.09931e+08 -7.47545e+09 1.80306e+11 -4.34893e+12 1.04895e+14 -2.53004e+15 6.1024e+16 -1.47188e+18 3.55014e+19 -8.56285e+20 2.06534e+22 -4.98154e+23 1.20153e+25 -2.89807e+26
2.0062 -45.4674 1099.55 -26518 639611 -1.54272e+07 3.72101e+08 -8.97498e+09 2.16474e+11 -5.2213e+12 1.25936e+14 -3.03755e+15 7.32649e+16 -1.76713e+18 4.26227e+19 -1.02805e+21 2.47963e+22 -5.9808e+23 1.44255e+25 -3.4794e+26
2.39544 -54.4608 1316.88 -31759.5 766034 -1.84765e+07 4.45649e+08 -1.07489e+10 2.59262e+11 -6.25332e+12 1.50828e+14 -3.63794e+15 8.77462e+16 -2.11642e+18 5.10474e+19 -1.23125e+21 2.96974e+22 -7.16294e+23 1.72768e+25 -4.16713e+26
2.43599 -54.9336 1328.87 -32048.1 772996 -1.86444e+07 4.49699e+08 -1.08466e+10 2.61618e+11 -6.31015e+12 1.52199e+14 -3.671e+15 8.85437e+16 -2.13565e+18 5.15113e+19 -1.24244e+21 2.99673e+22 -7.22804e+23 1.74338e+25 -4.205e+26
1.8847 -41.064 994.902 -23992.3 578693 -1.39579e+07 3.36661e+08 -8.12018e+09 1.95857e+11 -4.72401e+12 1.13942e+14 -2.74825e+15 6.6287e+16 -1.59882e+18 3.85632e+19 -9.30135e+20 2.24346e+22 -5.41117e+23 1.30516e+25 -3.14801e+26
0.976641 -24.8787 598.861 -14445.5 348421 -8.40384e+06 2.02698e+08 -4.88903e+09 1.17922e+11 -2.84425e+12 6.86026e+13 -1.65468e+15 3.99104e+16 -9.62627e+17 2.32183e+19 -5.6002e+20 1.35075e+22 -3.25798e+23 7.85816e+24 -1.89537e+26
0.184183 -5.42146 129.873 -3133.37 75575.3 -1.82286e+06 4.39668e+07 -1.06047e+09 2.55782e+10 -6.1694e+11 1.48804e+13 -3.58912e+14 8.65686e+15 -2.08801e+17 5.03623e+18 -1.21473e+20 2.92989e+21 -7.06681e+22 1.7045e+24 -4.1112e+25
-0.354022 7.68185 -186.153 4489.09 -108277 2.6116e+06 -6.29911e+07 1.51933e+09 -3.66458e+10 8.83888e+11 -2.13191e+13 5.14212e+14 -1.24027e+16 2.99149e+17 -7.21539e+18 1.74033e+20 -4.19764e+21 1.01246e+23 -2.44203e+24 5.8901e+25
-0.407116 8.87887 -215.111 5187.48 -125122 3.0179e+06 -7.27909e+07 1.7557e+09 -4.2347e+10 1.0214e+12 -2.46358e+13 5.9421e+14 -1.43322e+16 3.45689e+17 -8.33792e+18 2.01108e+20 -4.85068e+21 1.16997e+23 -2.82194e+24 6.80645e+25
-0.481845 10.583 -256.314 6181.18 -149089 3.596e+06 -8.67345e+07 2.09201e+09 -5.04588e+10 1.21705e+12 -2.9355e+13 7.08035e+14 -1.70776e+16 4.11908e+17 -9.93511e+18 2.39632e+20 -5.77986e+21 1.39409e+23 -3.3625e+24 8.11027e+25
-0.572244 12.647 -306.215 7384.67 -178117 4.29614e+06 -1.03622e+08 2.49933e+09 -6.02832e+10 1.45402e+12 -3.50705e+13 8.45891e+14 -2.04027e+16 4.92107e+17 -1.18695e+19 2.86289e+20 -6.90521e+21 1.66552e+23 -4.01719e+24 9.68935e+25
-0.681676 15.1479 -366.68 8842.91 -213290 5.14449e+06 -1.24084e+08 2.99287e+09 -7.21872e+10 1.74114e+12 -4.19958e+13 1.01293e+15 -2.44315e+16 5.89282e+17 -1.42133e+19 3.42822e+20 -8.26877e+21 1.99441e+23 -4.81046e+24 1.16027e+26
-0.81445 18.1851 -440.105 10613.7 -256002 6.1747e+06 -1.48932e+08 3.5922e+09 -8.6643e+10 2.08981e+12 -5.04056e+13 1.21577e+15 -2.9324e+16 7.07288e+17 -1.70596e+19 4.11473e+20 -9.92462e+21 2.39379e+23 -5.77377e+24 1.39262e+26
-0.974134 21.8386 -528.43 12743.9 -307381 7.41395e+06 -1.78823e+08 4.31315e+09 -1.04032e+11 2.50923e+12 -6.05219e+13 1.45977e+15 -3.52093e+16 8.4924e+17 -2.04834e+19 4.94055e+20 -1.19165e+22 2.87422e+23 -6.93256e+24 1.67211e+26
-1.1662 26.2337 -634.682 15306.5 -369189 8.90475e+06 -2.1478e+08 5.18044e+09 -1.24951e+11 3.01378e+12 -7.26917e+13 1.7533e+15 -4.22892e+16 1.02001e+18 -2.46023e+19 5.934e+20 -1.43127e+22 3.45217e+23 -8.32655e+24 2.00834e+26
-1.39701 31.515 -762.355 18385.6 -443458 1.06961e+07 -2.57987e+08 6.22258e+09 -1.50087e+11 3.62006e+12 -8.73149e+13 2.10601e+15 -5.07964e+16 1.2252e+18 -2.95514e+19 7.12773e+20 -1.71919e+22 4.14664e+23 -1.00016e+25 2.41236e+26
-1.67439 37.864 -915.831 22087.2 -532739 1.28495e+07 -3.09927e+08 7.47536e+09 -1.80304e+11 4.34888e+12 -1.04894e+14 2.53001e+15 -6.10232e+16 1.47186e+18 -3.5501e+19 8.56274e+20 -2.06531e+22 4.98147e+23 -1.20152e+25 2.89803e+26
-2.00618 45.467 -1099.54 26517.8 -639605 1.54271e+07 -3.72098e+08 8.9749e+09 -2.16472e+11 5.22125e+12 -1.25935e+14 3.03752e+15 -7.32643e+16 1.76712e+18 -4.26224e+19 1.02804e+21 -2.47961e+22 5.98074e+23 -1.44254e+25 3.47937e+26
-2.39542 54.4604 -1316.87 31759.3 -766029 1.84764e+07 -4.45646e+08 1.07489e+10 -2.5926e+11 6.25328e+12 -1.50828e+14 3.63792e+15 -8.77457e+16 2.1164e+18 -5.10471e+19 1.23124e+21 -2.96972e+22 7.1629e+23 -1.72767e+25 4.1671e+26
-2.43597 54.9334 -1328.86 32047.9 -772992 1.86444e+07 -4.49697e+08 1.08466e+10 -2.61616e+11 6.31012e+12 -1.52198e+14 3.67099e+15 -8.85432e+16 2.13564e+18 -5.15111e+19 1.24243e+21 -2.99672e+22 7.228e+23 -1.74337e+25 4.20497e+26
-1.88469 41.0637 -994.897 23992.2 -578689 1.39578e+07 -3.36659e+08 8.12013e+09 -1.95855e+11 4.72398e+12 -1.13941e+14 2.74823e+15 -6.62866e+16 1.59882e+18 -3.8563e+19 9.3013e+20 -2.24345e+22 5.41114e+23 -1.30515e+25 3.14799e+26
-0.976634 24.8785 -598.856 14445.4 -348419 8.40377e+06 -2.02697e+08 4.88899e+09 -1.17921e+11 2.84423e+12 -6.86021e+13 1.65466e+15 -3.991e+16 9.6262e+17 -2.32181e+19 5.60015e+20 -1.35074e+22 3.25796e+23 -7.8581e+24 1.89535e+26
-0.184177 5.4213 -129.869 3133.28 -75573 1.8228e+06 -4.39655e+07 1.06044e+09 -2.55775e+10 6.16922e+11 -1.488e+13 3.58901e+14 -8.65661e+15 2.08795e+17 -5.03608e+18 1.21469e+20 -2.9298e+21 7.0666e+22 -1.70445e+24 4.11108e+25
0.354027 -7.68198 186.156 -4489.17 108278 -2.61164e+06 6.29922e+07 -1.51935e+09 3.66464e+10 -8.83903e+11 2.13195e+13 -5.14221e+14 1.24029e+16 -2.99154e+17 7.21551e+18 -1.74036e+20 4.19771e+21 -1.01248e+23 2.44207e+24 -5.8902e+25
0.40712 -8.87898 215.114 -5187.54 125123 -3.01793e+06 7.27918e+07 -1.75572e+09 4.23475e+10 -1.02141e+12 2.46361e+13 -5.94217e+14 1.43324e+16 -3.45693e+17 8.33802e+18 -2.01111e+20 4.85074e+21 -1.16999e+23 2.82198e+24 -6.80653e+25
0.481848 -10.5831 256.316 -6181.23 149091 -3.59603e+06 8.67353e+07 -2.09203e+09 5.04592e+10 -1.21706e+12 2.93553e+13 -7.08041e+14 1.70778e+16 -4.11911e+17 9.93519e+18 -2.39634e+20 5.77991e+21 -1.3941e+23 3.36253e+24 -8.11034e+25
0.572247 -12.647 306.217 -7384.71 178118 -4.29617e+06 1.03622e+08 -2.49935e+09 6.02836e+10 -1.45402e+12 3.50707e+13 -8.45896e+14 2.04028e+16 -4.9211e+17 1.18696e+19 -2.86291e+20 6.90525e+21 -1.66553e+23 4.01721e+24 -9.68941e+25
0.681678 -15.148 366.681 -8842.94 213291 -5.14452e+06 1.24084e+08 -2.99288e+09 7.21875e+10 -1.74114e+12 4.19959e+13 -1.01293e+15 2.44316e+16 -5.89285e+17 1.42134e+19 -3.42823e+20 8.26881e+21 -1.99441e+23 4.81048e+24 -1.16027e+26
0.814452 -18.1852 440.106 -10613.8 256003 -6.17472e+06 1.48933e+08 -3.59221e+09 8.66432e+10 -2.08981e+12 5.04057e+13 -1.21577e+15 2.93241e+16 -7.0729e+17 1.70596e+19 -4.11474e+20 9.92465e+21 -2.3938e+23 5.77378e+24 -1.39262e+26
0.974136 -21.8387 528.431 -12743.9 307382 -7.41397e+06 1.78823e+08 -4.31316e+09 1.04032e+11 -2.50923e+12 6.0522e+13 -1.45978e+15 3.52094e+16 -8.49242e+17 2.04835e+19 -4.94056e+20 1.19165e+22 -2.87423e+23 6.93257e+24 -1.67212e+26
1.16621 -26.2338 634.683 -15306.5 369190 -8.90476e+06 2.14781e+08 -5.18045e+09 1.24951e+11 -3.01379e+12 7.26918e+13 -1.75331e+15 4.22893e+16 -1.02001e+18 2.46023e+19 -5.93401e+20 1.43127e+22 -3.45218e+23 8.32657e+24 -2.00835e+26
1.39701 -31.515 762.356 -18385.6 443459 -1.06961e+07 2.57987e+08 -6.22259e+09 1.50087e+11 -3.62006e+12 8.73149e+13 -2.10601e+15 5.07965e+16 -1.2252e+18 2.95515e+19 -7.12773e+20 1.71919e+22 -4.14664e+23 1.00016e+25 -2.41236e+26
1.67439 -37.864 915.832 -22087.2 532739 -1.28495e+07 3.09927e+08 -7.47536e+09 1.80304e+11 -4.34888e+12 1.04894e+14 -2.53001e+15 6.10232e+16 -1.47186e+18 3.5501e+19 -8.56274e+20 2.06531e+22 -4.98148e+23 1.20152e+25 -2.89803e+26
2.00618 -45.4671 1099.54 -26517.8 639605 -1.54271e+07 3.72098e+08 -8.9749e+09 2.16472e+11 -5.22125e+12 1.25935e+14 -3.03753e+15 7.32643e+16 -1.76712e+18 4.26224e+19 -1.02804e+21 2.47961e+22 -5.98075e+23 1.44254e+25 -3.47937e+26
2.39542 -54.4605 1316.87 -31759.3 766030 -1.84764e+07 4.45647e+08 -1.07489e+10 2.5926e+11 -6.25329e+12 1.50828e+14 -3.63792e+15 8.77457e+16 -2.1164e+18 5.10471e+19 -1.23124e+21 2.96973e+22 -7.1629e+23 1.72767e+25 -4.1671e+26
2.43598 -54.9334 1328.86 -32047.9 772992 -1.86444e+07 4.49697e+08 -1.08466e+10 2.61616e+11 -6.31012e+12 1.52198e+14 -3.67099e+15 8.85432e+16 -2.13564e+18 5.15111e+19 -1.24243e+21 2.99672e+22 -7.228e+23 1.74338e+25 -4.20498e+26
1.88469 -41.0637 994.897 -23992.2 578689 -1.39578e+07 3.36659e+08 -8.12013e+09 1.95855e+11 -4.72398e+12 1.13941e+14 -2.74823e+15 6.62866e+16 -1.59882e+18 3.8563e+19 -9.3013e+20 2.24345e+22 -5.41114e+23 1.30515e+25 -3.148e+26
0.976634 -24.8785 598.857 -14445.4 348419 -8.40377e+06 2.02697e+08 -4.88899e+09 1.17921e+11 -2.84423e+12 6.86021e+13 -1.65466e+15 3.99101e+16 -9.6262e+17 2.32181e+19 -5.60016e+20 1.35074e+22 -3.25796e+23 7.85811e+24 -1.89535e+26
0.184177 -5.42131 129.869 -3133.29 75573.2 -1.82281e+06 4.39656e+07 -1.06044e+09 2.55775e+10 -6.16923e+11 1.488e+13 -3.58902e+14 8.65662e+15 -2.08795e+17 5.03609e+18 -1.21469e+20 2.9298e+21 -7.06661e+22 1.70445e+24 -4.11108e+25
-0.354027 7.68197 -186.156 4489.16 -108278 2.61164e+06 -6.29921e+07 1.51935e+09 -3.66464e+10 8.83902e+11 -2.13195e+13 5.1422e+14 -1.24029e+16 2.99154e+17 -7.21551e+18 1.74036e+20 -4.19771e+21 1.01248e+23 -2.44206e+24 5.8902e+25
-0.40712 8.87898 -215.114 5187.54 -125123 3.01793e+06 -7.27917e+07 1.75572e+09 -4.23474e+10 1.02141e+12 -2.46361e+13 5.94217e+14 -1.43324e+16 3.45693e+17 -8.33802e+18 2.01111e+20 -4.85074e+21 1.16999e+23 -2.82197e+24 6.80653e+25
-0.481848 10.5831 -256.316 6181.23 -149091 3.59603e+06 -8.67352e+07 2.09203e+09 -5.04592e+10 1.21706e+12 -2.93552e+13 7.08041e+14 -1.70778e+16 4.11911e+17 -9.93519e+18 2.39634e+20 -5.77991e+21 1.3941e+23 -3.36253e+24 8.11034e+25
-0.572247 12.647 -306.217 7384.71 -178118 4.29617e+06 -1.03622e+08 2.49935e+09 -6.02836e+10 1.45402e+12 -3.50707e+13 8.45895e+14 -2.04028e+16 4.9211e+17 -1.18696e+19 2.86291e+20 -6.90525e+21 1.66553e+23 -4.01721e+24 9.68941e+25
-0.681678 15.148 -366.681 8842.94 -213291 5.14451e+06 -1.24084e+08 2.99288e+09 -7.21875e+10 1.74114e+12 -4.19959e+13 1.01293e+15 -2.44316e+16 5.89285e+17 -1.42134e+19 3.42823e+20 -8.2688e+21 1.99441e+23 -4.81047e+24 1.16027e+26
-0.814452 18.1852 -440.106 10613.8 -256003 6.17471e+06 -1.48932e+08 3.59221e+09 -8.66432e+10 2.08981e+12 -5.04057e+13 1.21577e+15 -2.93241e+16 7.0729e+17 -1.70596e+19 4.11474e+20 -9.92465e+21 2.3938e+23 -5.77378e+24 1.39262e+26
-0.974136 21.8387 -528.43 12743.9 -307382 7.41397e+06 -1.78823e+08 4.31316e+09 -1.04032e+11 2.50923e+12 -6.0522e+13 1.45978e+15 -3.52094e+16 8.49242e+17 -2.04835e+19 4.94056e+20 -1.19165e+22 2.87423e+23 -6.93257e+24 1.67212e+26
-1.16621 26.2338 -634.683 15306.5 -369190 8.90476e+06 -2.14781e+08 5.18045e+09 -1.24951e+11 3.01379e+12 -7.26918e+13 1.75331e+15 -4.22893e+16 1.02001e+18 -2.46023e+19 5.93401e+20 -1.43127e+22 3.45218e+23 -8.32656e+24 2.00835e+26
-1.39701 31.515 -762.356 18385.6 -443459 1.06961e+07 -2.57987e+08 6.22258e+09 -1.50087e+11 3.62006e+12 -8.73149e+13 2.10601e+15 -5.07965e+16 1.2252e+18 -2.95515e+19 7.12773e+20 -1.71919e+22 4.14664e+23 -1.00016e+25 2.41236e+26
-1.67439 37.864 -915.832 22087.2 -532739 1.28495e+07 -3.09927e+08 7.47536e+09 -1.80304e+11 4.34888e+12 -1.04894e+14 2.53001e+15 -6.10232e+16 1.47186e+18 -3.5501e+19 8.56274e+20 -2.06531e+22 4.98148e+23 -1.20152e+25 2.89803e+26
-2.00618 45.4671 -1099.54 26517.8 -639605 1.54271e+07 -3.72098e+08 8.9749e+09 -2.16472e+11 5.22125e+12 -1.25935e+14 3.03753e+15 -7.32643e+16 1.76712e+18 -4.26224e+19 1.02804e+21 -2.47961e+22 5.98075e+23 -1.44254e+25 3.47937e+26
-2.39542 54.4605 -1316.87 31759.3 -766029 1.84764e+07 -4.45647e+08 1.07489e+10 -2.5926e+11 6.25329e+12 -1.50828e+14 3.63792e+15 -8.77457e+16 2.1164e+18 -5.10471e+19 1.23124e+21 -2.96973e+22 7.1629e+23 -1.72767e+25 4.1671e+26
-2.43598 54.9334 -1328.86 32047.9 -772992 1.86444e+07 -4.49697e+08 1.08466e+10 -2.61616e+11 6.31012e+12 -1.52198e+14 3.67099e+15 -8.85432e+16 2.13564e+18 -5.15111e+19 1.24243e+21 -2.99672e+22 7.228e+23 -1.74338e+25 4.20498e+26
-1.88469 41.0637 -994.897 23992.2 -578689 1.39578e+07 -3.36659e+08 8.12013e+09 -1.95855e+11 4.72398e+12 -1.13941e+14 2.74823e+15 -6.62866e+16 1.59882e+18 -3.8563e+19 9.3013e+20 -2.24345e+22 5.41114e+23 -1.30515e+25 3.148e+26
-0.976634 24.8785 -598.857 14445.4 -348419 8.40377e+06 -2.02697e+08 4.88899e+09 -1.17921e+11 2.84423e+12 -6.86021e+13 1.65466e+15 -3.99101e+16 9.6262e+17 -2.32181e+19 5.60016e+20 -1.35074e+22 3.25796e+23 -7.85811e+24 1.89535e+26
-0.184177 5.42131 -129.869 3133.28 -75573.2 1.82281e+06 -4.39656e+07 1.06044e+09 -2.55775e+10 6.16922e+11 -1.488e+13 3.58902e+14 -8.65662e+15 2.08795e+17 -5.03609e+18 1.21469e+20 -2.9298e+21 7.06661e+22 -1.70445e+24 4.11108e+25
0.354027 -7.68197 186.156 -4489.16 108278 -2.61164e+06 6.29921e+07 -1.51935e+09 3.66464e+10 -8.83902e+11 2.13195e+13 -5.1422e+14 1.24029e+16 -2.99154e+17 7.21551e+18 -1.74036e+20 4.19771e+21 -1.01248e+23 2.44206e+24 -5.8902e+25
0.40712 -8.87898 215.114 -5187.54 125123 -3.01793e+06 7.27917e+07 -1.75572e+09 4.23474e+10 -1.02141e+12 2.46361e+13 -5.94217e+14 1.43324e+16 -3.45693e+17 8.33802e+18 -2.01111e+20 4.85074e+21 -1.16999e+23 2.82197e+24 -6.80653e+25
0.481848 -10.5831 256.316 -6181.23 149091 -3.59603e+06 8.67352e+07 -2.09203e+09 5.04592e+10 -1.21706e+12 2.93552e+13 -7.08041e+14 1.70778e+16 -4.11911e+17 9.93519e+18 -2.39634e+20 5.77991e+21 -1.3941e+23 3.36253e+24 -8.11034e+25
0.572247 -12.647 306.217 -7384.71 178118 -4.29617e+06 1.03622e+08 -2.49935e+09 6.02836e+10 -1.45402e+12 3.50707e+13 -8.45895e+14 2.04028e+16 -4.9211e+17 1.18696e+19 -2.86291e+20 6.90525e+21 -1.66553e+23 4.01721e+24 -9.68941e+25
0.681678 -15.148 366.681 -8842.94 213291 -5.14451e+06 1.24084e+08 -2.99288e+09 7.21875e+10 -1.74114e+12 4.19959e+13 -1.01293e+15 2.44316e+16 -5.89285e+17 1.42134e+19 -3.42823e+20 8.2688e+21 -1.99441e+23 4.81047e+24 -1.16027e+26
0.814452 -18.1852 440.106 -10613.8 256003 -6.17471e+06 1.48932e+08 -3.59221e+09 8.66432e+10 -2.08981e+12 5.04057e+13 -1.21577e+15 2.93241e+16 -7.0729e+17 1.70596e+19 -4.11474e+20 9.92465e+21 -2.3938e+23 5.77378e+24 -1.39262e+26
0.974136 -21.8387 528.43 -12743.9 307382 -7.41397e+06 1.78823e+08 -4.31316e+09 1.04032e+11 -2.50923e+12 6.0522e+13 -1.45978e+15 3.52094e+16 -8.49242e+17 2.04835e+19 -4.94056e+20 1.19165e+22 -2.87423e+23 6.93257e+24 -1.67212e+26
1.16621 -26.2338 634.683 -15306.5 369190 -8.90476e+06 2.14781e+08 -5.18045e+09 1.24951e+11 -3.01379e+12 7.26918e+13 -1.75331e+15 4.22893e+16 -1.02001e+18 2.46023e+19 -5.93401e+20 1.43127e+22 -3.45218e+23 8.32656e+24 -2.00835e+26
1.39701 -31.515 762.356 -18385.6 443459 -1.06961e+07 2.57987e+08 -6.22258e+09 1.50087e+11 -3.62006e+12 8.73149e+13 -2.10601e+15 5.07965e+16 -1.2252e+18 2.95515e+19 -7.12773e+20 1.71919e+22 -4.14664e+23 1.00016e+25 -2.41236e+26
1.67439 -37.864 915.832 -22087.2 532739 -1.28495e+07 3.09927e+08 -7.47536e+09 1.80304e+11 -4.34888e+12 1.04894e+14 -2.53001e+15 6.10232e+16 -1.47186e+18 3.5501e+19 -8.56274e+20 2.06531e+22 -4.98148e+23 1.20152e+25 -2.89803e+26
2.00618 -45.4671 1099.54 -26517.8 639605 -1.54271e+07 3.72098e+08 -8.9749e+09 2.16472e+11 -5.22125e+12 1.25935e+14 -3.03753e+15 7.32643e+16 -1.76712e+18 4.26224e+19 -1.02804e+21 2.47961e+22 -5.98075e+23 1.44254e+25 -3.47937e+26
2.39542 -54.4605 1316.87 -31759.3 766029 -1.84764e+07 4.45647e+08 -1.07489e+10 2.5926e+11 -6.25329e+12 1.50828e+14 -3.63792e+15 8.77457e+16 -2.1164e+18 5.10471e+19 -1.23124e+21 2.96973e+22 -7.1629e+23 1.72767e+25 -4.1671e+26
2.43598 -54.9334 1328.86 -32047.9 772992 -1.86444e+07 4.49697e+08 -1.08466e+10 2.61616e+11 -6.31012e+12 1.52198e+14 -3.67099e+15 8.85432e+16 -2.13564e+18 5.15111e+19 -1.24243e+21 2.99672e+22 -7.228e+23 1.74338e+25 -4.20498e+26
1.88469 -41.0637 994.897 -23992.2 578689 -1.39578e+07 3.36659e+08 -8.12013e+09 1.95855e+11 -4.72398e+12 1.13941e+14 -2.74823e+15 6.62866e+16 -1.59882e+18 3.8563e+19 -9.3013e+20 2.24345e+22 -5.41114e+23 1.30515e+25 -3.148e+26
0.976634 -24.8785 598.857 -14445.4 348419 -8.40377e+06 2.02697e+08 -4.88899e+09 1.17921e+11 -2.84423e+12 6.86021e+13 -1.65466e+15 3.99101e+16 -9.6262e+17 2.32181e+19 -5.60016e+20 1.35074e+22 -3.25796e+23 7.85811e+24 -1.89535e+26
0.184177 -5.42131 129.869 -3133.28 75573.2 -1.82281e+06 4.39656e+07 -1.06044e+09 2.55775e+10 -6.16922e+11 1.488e+13 -3.58902e+14 8.65662e+15 -2.08795e+17 5.03609e+18 -1.21469e+20 2.9298e+21 -7.06661e+22 1.70445e+24 -4.11108e+25
-0.354027 7.68197 -186.156 4489.16 -108278 2.61164e+06 -6.29921e+07 1.51935e+09 -3.66464e+10 8.83902e+11 -2.13195e+13 5.1422e+14 -1.24029e+16 2.99154e+17 -7.21551e+18 1.74036e+20 -4.19771e+21 1.01248e+23 -2.44206e+24 5.8902e+25
-0.40712 8.87898 -215.114 5187.54 -125123 3.01793e+06 -7.27917e+07 1.75572e+09 -4.23474e+10 1.02141e+12 -2.46361e+13 5.94217e+14 -1.43324e+16 3.45693e+17 -8.33802e+18 2.01111e+20 -4.85074e+21 1.16999e+23 -2.82197e+24 6.80653e+25
-0.481848 10.5831 -256.316 6181.23 -149091 3.59603e+06 -8.67352e+07 2.09203e+09 -5.04592e+10 1.21706e+12 -2.93552e+13 7.08041e+14 -1.70778e+16 4.11911e+17 -9.93519e+18 2.39634e+20 -5.77991e+21 1.3941e+23 -3.36253e+24 8.11034e+25
-0.572247 12.647 -306.217 7384.71 -178118 4.29617e+06 -1.03622e+08 2.49935e+09 -6.02836e+10 1.45402e+12 -3.50707e+13 8.45895e+14 -2.04028e+16 4.9211e+17 -1.18696e+19 2.86291e+20 -6.90525e+21 1.66553e+23 -4.01721e+24 9.68941e+25
-0.681678 15.148 -366.681 8842.94 -213291 5.14451e+06 -1.24084e+08 2.99288e+09 -7.21875e+10 1.74114e+12 -4.19959e+13 1.01293e+15 -2.44316e+16 5.89285e+17 -1.42134e+19 3.42823e+20 -8.2688e+21 1.99441e+23 -4.81047e+24 1.16027e+26
-0.814452 18.1852 -440.106 10613.8 -256003 6.17471e+06 -1.48932e+08 3.59221e+09 -8.66432e+10 2.08981e+12 -5.04057e+13 1.21577e+15 -2.93241e+16 7.0729e+17 -1.70596e+19 4.11474e+20 -9.92465e+21 2.3938e+23 -5.77378e+24 1.39262e+26
-0.974136 21.8387 -528.43 12743.9 -307382 7.41397e+06 -1.78823e+08 4.31316e+09 -1.04032e+11 2.50923e+12 -6.0522e+13 1.45978e+15 -3.52094e+16 8.49242e+17 -2.04835e+19 4.94056e+20 -1.19165e+22 2.87423e+23 -6.93257e+24 1.67212e+26
-1.16621 26.2338 -634.683 15306.5 -369190 8.90476e+06 -2.14781e+08 5.18045e+09 -1.24951e+11 3.01379e+12 -7.26918e+13 1.75331e+15 -4.22893e+16 1.02001e+18 -2.46023e+19 5.93401e+20 -1.43127e+22 3.45218e+23 -8.32656e+24 2.00835e+26
-1.39701 31.515 -762.356 18385.6 -443459 1.06961e+07 -2.57987e+08 6.22258e+09 -1.50087e+11 3.62006e+12 -8.73149e+13 2.10601e+15 -5.07965e+16 1.2252e+18 -2.95515e+19 7.12773e+20 -1.71919e+22 4.14664e+23 -1.00016e+25 2.41236e+26
-1.67439 37.864 -915.832 22087.2 -532739 1.28495e+07 -3.09927e+08 7.47536e+09 -1.80304e+11 4.34888e+12 -1.04894e+14 2.53001e+15 -6.10232e+16 1.47186e+18 -3.5501e+19 8.56274e+20 -2.06531e+22 4.98148e+23 -1.20152e+25 2.89803e+26
-2.00618 45.4671 -1099.54 26517.8 -639605 1.54271e+07 -3.72098e+08 8.9749e+09 -2.16472e+11 5.22125e+12 -1.25935e+14 3.03753e+15 -7.32643e+16 1.76712e+18 -4.26224e+19 1.02804e+21 -2.47961e+22 5.98075e+23 -1.44254e+25 3.47937e+26
-2.39542 54.4605 -1316.87 31759.3 -766029 1.84764e+07 -4.45647e+08 1.07489e+10 -2.5926e+11 6.25329e+12 -1.50828e+14 3.63792e+15 -8.77457e+16 2.1164e+18 -5.10471e+19 1.23124e+21 -2.96973e+22 7.1629e+23 -1.72767e+25 4.1671e+26
-2.43598 54.9334 -1328.86 32047.9 -772992 1.86444e+07 -4.49697e+08 1.08466e+10 -2.61616e+11 6.31012e+12 -1.52198e+14 3.67099e+15 -8.85432e+16 2.13564e+18 -5.15111e+19 1.24243e+21 -2.99672e+22 7.228e+23 -1.74338e+25 4.20498e+26
-1.88469 41.0637 -994.897 23992.2 -578689 1.39578e+07 -3.36659e+08 8.12013e+09 -1.95855e+11 4.72398e+12 -1.13941e+14 2.74823e+15 -6.62866e+16 1.59882e+18 -3.8563e+19 9.3013e+20 -2.24345e+22 5.41114e+23 -1.30515e+25 3.148e+26
-0.976634 24.8785 -598.857 14445.4 -348419 8.40377e+06 -2.02697e+08 4.88899e+09 -1.17921e+11 2.84423e+12 -6.86021e+13 1.65466e+15 -3.99101e+16 9.6262e+17 -2.32181e+19 5.60016e+20 -1.35074e+22 3.25796e+23 -7.85811e+24 1.89535e+26
-0.184177 5.42131 -129.869 3133.28 -75573.2 1.82281e+06 -4.39656e+07 1.06044e+09 -2.55775e+10 6.16922e+11 -1.488e+13 3.58902e+14 -8.65662e+15 2.08795e+17 -5.03609e+18 1.21469e+20 -2.9298e+21 7.06661e+22 -1.70445e+24 4.11108e+25
0.354027 -7.68197 186.156 -4489.16 108278 -2.61164e+06 6.29921e+07 -1.51935e+09 3.66464e+10 -8.83902e+11 2.13195e+13 -5.1422e+14 1.24029e+16 -2.99154e+17 7.21551e+18 -1.74036e+20 4.19771e+21 -1.01248e+23 2.44206e+24 -5.8902e+25
0.40712 -8.87898 215.114 -5187.54 125123 -3.01793e+06 7.27917e+07 -1.75572e+09 4.23474e+10 -1.02141e+12 2.46361e+13 -5.94217e+14 1.43324e+16 -3.45693e+17 8.33802e+18 -2.01111e+20 4.85074e+21 -1.16999e+23 2.82197e+24 -6.80653e+25
0.481848 -10.5831 256.316 -6181.23 149091 -3.59603e+06 8.67352e+07 -2.09203e+09 5.04592e+10 -1.21706e+12 2.93552e+13 -7.08041e+14 1.70778e+16 -4.11911e+17 9.93519e+18 -2.39634e+20 5.77991e+21 -1.3941e+23 3.36253e+24 -8.11034e+25
0.572247 -12.647 306.217 -7384.71 178118 -4.29617e+06 1.03622e+08 -2.49935e+09 6.02836e+10 -1.45402e+12 3.50707e+13 -8.45895e+14 2.04028e+16 -4.9211e+17 1.18696e+19 -2.86291e+20 6.90525e+21 -1.66553e+23 4.01721e+24 -9.68941e+25
0.681678 -15.148 366.681 -8842.94 213291 -5.14451e+06 1.24084e+08 -2.99288e+09 7.21875e+10 -1.74114e+12 4.19959e+13 -1.01293e+15 2.44316e+16 -5.89285e+17 1.42134e+19 -3.42823e+20 8.2688e+21 -1.99441e+23 4.81047e+24 -1.16027e+26
0.814452 -18.1852 440.106 -10613.8 256003 -6.17471e+06 1.48932e+08 -3.59221e+09 8.66432e+10 -2.08981e+12 5.04057e+13 -1.21577e+15 2.93241e+16 -7.0729e+17 1.70596e+19 -4.11474e+20 9.92465e+21 -2.3938e+23 5.77378e+24 -1.39262e+26
0.974136 -21.8387 528.43 -12743.9 307382 -7.41397e+06 1.78823e+08 -4.31316e+09 1.04032e+11 -2.50923e+12 6.0522e+13 -1.45978e+15 3.52094e+16 -8.49242e+17 2.04835e+19 -4.94056e+20 1.19165e+22 -2.87423e+23 6.93257e+24 -1.67212e+26
1.16621 -26.2338 634.683 -15306.5 369190 -8.90476e+06 2.14781e+08 -5.18045e+09 1.24951e+11 -3.01379e+12 7.26918e+13 -1.75331e+15 4.22893e+16 -1.02001e+18 2.46023e+19 -5.93401e+20 1.43127e+22 -3.45218e+23 8.32656e+24 -2.00835e+26
1.39701 -31.515 762.356 -18385.6 443459 -1.06961e+07 2.57987e+08 -6.22258e+09 1.50087e+11 -3.62006e+12 8.73149e+13 -2.10601e+15 5.07965e+16 -1.2252e+18 2.95515e+19 -7.12773e+20 1.71919e+22 -4.14664e+23 1.00016e+25 -2.41236e+26
1.67439 -37.864 915.832 -22087.2 532739 -1.28495e+07 3.09927e+08 -7.47536e+09 1.80304e+11 -4.34888e+12 1.04894e+14 -2.53001e+15 6.10232e+16 -1.47186e+18 3.5501e+19 -8.56274e+20 2.06531e+22 -4.98148e+23 1.20152e+25 -2.89803e+26
2.00618 -45.4671 1099.54 -26517.8 639605 -1.54271e+07 3.72098e+08 -8.9749e+09 2.16472e+11 -5.22125e+12 1.25935e+14 -3.03753e+15 7.32643e+16 -1.76712e+18 4.26224e+19 -1.02804e+21 2.47961e+22 -5.98075e+23 1.44254e+25 -3.47937e+26
2.39542 -54.4605 1316.87 -31759.3 766029 -1.84764e+07 4.45647e+08 -1.07489e+10 2.5926e+11 -6.25329e+12 1.50828e+14 -3.63792e+15 8.77457e+16 -2.1164e+18 5.10471e+19 -1.23124e+21 2.96973e+22 -7.1629e+23 1.72767e+25 -4.1671e+26
2.43598 -54.9334 1328.86 -32047.9 772992 -1.86444e+07 4.49697e+08 -1.08466e+10 2.61616e+11 -6.31012e+12 1.52198e+14 -3.67099e+15 8.85432e+16 -2.13564e+18 5.15111e+19 -1.24243e+21 2.99672e+22 -7.228e+23 1.74338e+25 -4.20498e+26
1.88469 -41.0637 994.897 -23992.2 578689 -1.39578e+07 3.36659e+08 -8.12013e+09 1.95855e+11 -4.72398e+12 1.13941e+14 -2.74823e+15 6.62866e+16 -1.59882e+18 3.8563e+19 -9.3013e+20 2.24345e+22 -5.41114e+23 1.30515e+25 -3.148e+26
0.976634 -24.8785 598.857 -14445.4 348419 -8.40377e+06 2.02697e+08 -4.88899e+09 1.17921e+11 -2.84423e+12 6.86021e+13 -1.65466e+15 3.99101e+16 -9.6262e+17 2.32181e+19 -5.60016e+20 1.35074e+22 -3.25796e+23 7.85811e+24 -1.89535e+26
0.184177 -5.42131 129.869 -3133.28 75573.2 -1.82281e+06 4.39656e+07 -1.06044e+09 2.55775e+10 -6.16922e+11 1.488e+13 -3.58902e+14 8.65662e+15 -2.08795e+17 5.03609e+18 -1.21469e+20 2.9298e+21 -7.06661e+22 1.70445e+24 -4.11108e+25
-0.354027 7.68197 -186.156 4489.16 -108278 2.61164e+06 -6.29921e+07 1.51935e+09 -3.66464e+10 8.83902e+11 -2.13195e+13 5.1422e+14 -1.24029e+16 2.99154e+17 -7.21551e+18 1.74036e+20 -4.19771e+21 1.01248e+23 -2.44206e+24 5.8902e+25
-0.40712 8.87898 -215.114 5187.54 -125123 3.01793e+06 -7.27917e+07 1.75572e+09 -4.23474e+10 1.02141e+12 -2.46361e+13 5.94217e+14 -1.43324e+16 3.45693e+17 -8.33802e+18 2.01111e+20 -4.85074e+21 1.16999e+23 -2.82197e+24 6.80653e+25
-0.481848 10.5831 -256.316 6181.23 -149091 3.59603e+06 -8.67352e+07 2.09203e+09 -5.04592e+10 1.21706e+12 -2.93552e+13 7.08041e+14 -1.70778e+16 4.11911e+17 -9.93519e+18 2.39634e+20 -5.77991e+21 1.3941e+23 -3.36253e+24 8.11034e+25
-0.572247 12.647 -306.217 7384.71 -178118 4.29617e+06 -1.03622e+08 2.49935e+09 -6.02836e+10 1.45402e+12 -3.50707e+13 8.45895e+14 -2.04028e+16 4.9211e+17 -1.18696e+19 2.86291e+20 -6.90525e+21 1.66553e+23 -4.01721e+24 9.68941e+25
-0.681678 15.148 -366.681 8842.94 -213291 5.14451e+06 -1.24084e+08 2.99288e+09 -7.21875e+10 1.74114e+12 -4.19959e+13 1.01293e+15 -2.44316e+16 5.89285e+17 -1.42134e+19 3.42823e+20 -8.2688e+21 1.99441e+23 -4.81047e+24 1.16027e+26
-0.814452 18.1852 -440.106 10613.8 -256003 6.17471e+06 -1.48932e+08 3.59221e+09 -8.66432e+10 2.08981e+12 -5.04057e+13 1.21577e+15 -2.93241e+16 7.0729e+17 -1.70596e+19 4.11474e+20 -9.92465e+21 2.3938e+23 -5.77378e+24 1.39262e+26
-0.974136 21.8387 -528.43 12743.9 -307382 7.41397e+06 -1.78823e+08 4.31316e+09 -1.04032e+11 2.50923e+12 -6.0522e+13 1.45978e+15 -3.52094e+16 8.49242e+17 -2.04835e+19 4.94056e+20 -1.19165e+22 2.87423e+23 -6.93257e+24 1.67212e+26
-1.16621 26.2338 -634.683 15306.5 -369190 8.90476e+06 -2.14781e+08 5.18045e+09 -1.24951e+11 3.01379e+12 -7.26918e+13 1.75331e+15 -4.22893e+16 1.02001e+18 -2.46023e+19 5.93401e+20 -1.43127e+22 3.45218e+23 -8.32656e+24 2.00835e+26
-1.39701 31.515 -762.356 18385.6 -443459 1.06961e+07 -2.57987e+08 6.22258e+09 -1.50087e+11 3.62006e+12 -8.73149e+13 2.10601e+15 -5.07965e+16 1.2252e+18 -2.95515e+19 7.12773e+20 -1.71919e+22 4.14664e+23 -1.00016e+25 2.41236e+26
-1.67439 37.864 -915.832 22087.2 -532739 1.28495e+07 -3.09927e+08 7.47536e+09 -1.80304e+11 4.34888e+12 -1.04894e+14 2.53001e+15 -6.10232e+16 1.47186e+18 -3.5501e+19 8.56274e+20 -2.06531e+22 4.98148e+23 -1.20152e+25 2.89803e+26
-2.00618 45.4671 -1099.54 26517.8 -639605 1.54271e+07 -3.72098e+08 8.9749e+09 -2.16472e+11 5.22125e+12 -1.25935e+14 3.03753e+15 -7.32643e+16 1.76712e+18 -4.26224e+19 1.02804e+21 -2.47961e+22 5.98075e+23 -1.44254e+25 3.47937e+26
-2.39542 54.4605 -1316.87 31759.3 -766029 1.84764e+07 -4.45647e+08 1.07489e+10 -2.5926e+11 6.25329e+12 -1.50828e+14 3.63792e+15 -8.77457e+16 2.1164e+18 -5.10471e+19 1.23124e+21 -2.96973e+22 7.1629e+23 -1.72767e+25 4.1671e+26
-2.43598 54.9334 -1328.86 32047.9 -772992 1.86444e+07 -4.49697e+08 1.08466e+10 -2.61616e+11 6.31012e+12 -1.52198e+14 3.67099e+15 -8.85432e+16 2.13564e+18 -5.15111e+19 1.24243e+21 -2.99672e+22 7.228e+23 -1.74338e+25 4.20498e+26
-1.88469 41.0637 -994.897 23992.2 -578689 1.39578e+07 -3.36659e+08 8.12013e+09 -1.95855e+11 4.72398e+12 -1.13941e+14 2.74823e+15 -6.62866e+16 1.59882e+18 -3.8563e+19 9.3013e+20 -2.24345e+22 5.41114e+23 -1.30515e+25 3.148e+26
-0.976634 24.8785 -598.857 14445.4 -348419 8.40377e+06 -2.02697e+08 4.88899e+09 -1.17921e+11 2.84423e+12 -6.86021e+13 1.65466e+15 -3.99101e+16 9.6262e+17 -2.32181e+19 5.60016e+20 -1.35074e+22 3.25796e+23 -7.85811e+24 1.89535e+26
-0.184177 5.42131 -129.869 3133.28 -75573.2 1.82281e+06 -4.39656e+07 1.06044e+09 -2.55775e+10 6.16922e+11 -1.488e+13 3.58902e+14 -8.65662e+15 2.08795e+17 -5.03609e+18 1.21469e+20 -2.9298e+21 7.06661e+22 -1.70445e+24 4.11108e+25
0.354027 -7.68197 186.156 -4489.16 108278 -2.61164e+06 6.29921e+07 -1.51935e+09 3.66464e+10 -8.83902e+11 2.13195e+13 -5.1422e+14 1.24029e+16 -2.99154e+17 7.21551e+18 -1.74036e+20 4.19771e+21 -1.01248e+23 2.44206e+24 -5.8902e+25
0.40712 -8.87898 215.114 -5187.54 125123 -3.01793e+06 7.27917e+07 -1.75572e+09 4.23474e+10 -1.02141e+12 2.46361e+13 -5.94217e+14 1.43324e+16 -3.45693e+17 8.33802e+18 -2.01111e+20 4.85074e+21 -1.16999e+23 2.82197e+24 -6.80653e+25
0.481848 -10.5831 256.316 -6181.23 149091 -3.59603e+06 8.67352e+07 -2.09203e+09 5.04592e+10 -1.21706e+12 2.93552e+13 -7.08041e+14 1.70778e+16 -4.11911e+17 9.93519e+18 -2.39634e+20 5.77991e+21 -1.3941e+23 3.36253e+24 -8.11034e+25
0.572247 -12.647 306.217 -7384.71 178118 -4.29617e+06 1.03622e+08 -2.49935e+09 6.02836e+10 -1.45402e+12 3.50707e+13 -8.45895e+14 2.04028e+16 -4.9211e+17 1.18696e+19 -2.86291e+20 6.90525e+21 -1.66553e+23 4.01721e+24 -9.68941e+25
0.681678 -15.148 366.681 -8842.94 213291 -5.14451e+06 1.24084e+08 -2.99288e+09 7.21875e+10 -1.74114e+12 4.19959e+13 -1.01293e+15 2.44316e+16 -5.89285e+17 1.42134e+19 -3.42823e+20 8.2688e+21 -1.99441e+23 4.81047e+24 -1.16027e+26
