-0.102515 -0.102488 -0.103141 -0.0874088 -0.466865 8.68551 -212.067 5112.44 -123313 2.97428e+06 -7.17388e+07 1.73032e+09 -4.17349e+10 1.00664e+12 -2.42798e+13 5.85622e+14 -1.4125e+16 3.40692e+17 -8.21741e+18 1.98202e+20
-0.102519 -0.102382 -0.105669 -0.0264027 -1.93828 44.1756 -1068.08 25759.2 -621308 1.49858e+07 -3.61453e+08 8.71815e+09 -2.1028e+11 5.07189e+12 -1.22333e+14 2.95063e+15 -7.11684e+16 1.71656e+18 -4.14031e+19 9.98631e+20
-0.102518 -0.102297 -0.10758 0.019892 -3.05467 71.1029 -1717.56 41424.5 -999150 2.40992e+07 -5.81267e+08 1.402e+10 -3.38159e+11 8.15631e+12 -1.96728e+14 4.74503e+15 -1.14449e+17 2.76047e+18 -6.65819e+19 1.60594e+21
-0.102511 -0.102277 -0.107819 0.0259581 -3.20065 74.6244 -1802.49 43473.1 -1.04856e+06 2.52911e+07 -6.10014e+08 1.47134e+10 -3.54883e+11 8.55968e+12 -2.06457e+14 4.97969e+15 -1.20109e+17 2.89699e+18 -6.98747e+19 1.68536e+21
-0.102502 -0.102241 -0.10837 0.0395838 -3.52893 82.5428 -1993.49 48079.8 -1.15967e+06 2.7971e+07 -6.74654e+08 1.62725e+10 -3.92488e+11 9.4667e+12 -2.28334e+14 5.50737e+15 -1.32836e+17 3.20397e+18 -7.7279e+19 1.86395e+21
-0.10249 -0.102195 -0.109119 0.0580362 -3.97357 93.2679 -2252.17 54319.2 -1.31017e+06 3.16009e+07 -7.62205e+08 1.83842e+10 -4.43422e+11 1.06952e+13 -2.57966e+14 6.22207e+15 -1.50075e+17 3.61976e+18 -8.73077e+19 2.10584e+21
-0.102477 -0.102137 -0.11009 0.0819337 -4.54948 107.159 -2587.22 62400.6 -1.50509e+06 3.63023e+07 -8.75603e+08 2.11193e+10 -5.09392e+11 1.22864e+13 -2.96345e+14 7.14776e+15 -1.72402e+17 4.15829e+18 -1.00297e+20 2.41914e+21
-0.102461 -0.102065 -0.111318 0.11208 -5.27603 124.684 -3009.92 72595.8 -1.751e+06 4.22335e+07 -1.01866e+09 2.45699e+10 -5.92619e+11 1.42938e+13 -3.44763e+14 8.31559e+15 -2.0057e+17 4.83769e+18 -1.16684e+20 2.81438e+21
-0.102442 -0.101977 -0.112842 0.149491 -6.1777 146.433 -3534.49 85248.4 -2.05617e+06 4.95943e+07 -1.1962e+09 2.88521e+10 -6.95905e+11 1.6785e+13 -4.04851e+14 9.76489e+15 -2.35527e+17 5.68084e+18 -1.3702e+20 3.3049e+21
-0.10242 -0.101871 -0.114716 0.195428 -7.28491 173.139 -4178.64 100785 -2.43091e+06 5.8633e+07 -1.41421e+09 3.41104e+10 -8.22734e+11 1.98441e+13 -4.78635e+14 1.15446e+16 -2.78452e+17 6.71618e+18 -1.61993e+20 3.90722e+21
-0.102394 -0.101742 -0.117002 0.251442 -8.63503 205.705 -4964.11 119730 -2.88787e+06 6.96547e+07 -1.68005e+09 4.05224e+10 -9.7739e+11 2.35744e+13 -5.68608e+14 1.37147e+16 -3.30794e+17 7.97868e+18 -1.92444e+20 4.64169e+21
-0.102363 -0.101586 -0.119777 0.319425 -10.2737 245.229 -5917.44 142724 -3.44248e+06 8.30317e+07 -2.0027e+09 4.83047e+10 -1.1651e+12 2.81018e+13 -6.77808e+14 1.63486e+16 -3.94323e+17 9.51096e+18 -2.29402e+20 5.53311e+21
-0.102327 -0.101399 -0.123136 0.401675 -12.2562 293.049 -7070.84 170544 -4.11348e+06 9.92161e+07 -2.39307e+09 5.77201e+10 -1.39219e+12 3.35794e+13 -8.09926e+14 1.95352e+16 -4.71184e+17 1.13648e+19 -2.74117e+20 6.61162e+21
-0.102285 -0.101173 -0.127191 0.500972 -14.6497 350.78 -8463.3 204130 -4.92356e+06 1.18755e+08 -2.86434e+09 6.90871e+10 -1.66636e+12 4.01923e+13 -9.69427e+14 2.33823e+16 -5.63975e+17 1.36029e+19 -3.28099e+20 7.91367e+21
-0.102232 -0.100929 -0.131416 0.604655 -17.1486 411.056 -9917.13 239196 -5.76935e+06 1.39155e+08 -3.35639e+09 8.09552e+10 -1.95262e+12 4.70966e+13 -1.13596e+15 2.7399e+16 -6.60857e+17 1.59397e+19 -3.84461e+20 9.2731e+21
-0.102168 -0.100716 -0.134625 0.684117 -19.063 457.234 -11030.9 266060 -6.41731e+06 1.54784e+08 -3.73334e+09 9.00473e+10 -2.17192e+12 5.23861e+13 -1.26354e+15 3.04762e+16 -7.35078e+17 1.77299e+19 -4.2764e+20 1.03146e+22
-0.102095 -0.100442 -0.139021 0.79249 -21.6745 520.225 -12550.2 302706 -7.3012e+06 1.76103e+08 -4.24756e+09 1.0245e+11 -2.47107e+12 5.96015e+13 -1.43757e+15 3.46738e+16 -8.36324e+17 2.01719e+19 -4.86541e+20 1.17352e+22
-0.102012 -0.100106 -0.144613 0.930047 -24.9896 600.186 -14478.9 349224 -8.4232e+06 2.03165e+08 -4.9003e+09 1.18194e+11 -2.85081e+12 6.87607e+13 -1.65849e+15 4.00023e+16 -9.64846e+17 2.32718e+19 -5.6131e+20 1.35387e+22
-0.101919 -0.0996694 -0.152256 1.11744 -29.5063 709.13 -17106.6 412604 -9.9519e+06 2.40037e+08 -5.78964e+09 1.39644e+11 -3.36819e+12 8.12398e+13 -1.95948e+15 4.72622e+16 -1.13995e+18 2.74954e+19 -6.63181e+20 1.59957e+22
-0.101815 -0.0990604 -0.163544 1.39335 -36.1572 869.554 -20976 505932 -1.2203e+07 2.94332e+08 -7.09921e+09 1.71231e+11 -4.13005e+12 9.96157e+13 -2.40271e+15 5.79526e+16 -1.3978e+18 3.37146e+19 -8.13188e+20 1.96139e+22
-0.10169 -0.0983516 -0.176539 1.71117 -43.8185 1054.35 -25433.1 613437 -1.47959e+07 3.56874e+08 -8.60771e+09 2.07616e+11 -5.00764e+12 1.20783e+14 -2.91325e+15 7.02669e+16 -1.69482e+18 4.08786e+19 -9.85981e+20 2.37816e+22
-0.101537 -0.0975758 -0.190328 2.04903 -51.962 1250.77 -30170.8 727709 -1.75522e+07 4.23353e+08 -1.02112e+10 2.46291e+11 -5.94047e+12 1.43283e+14 -3.45594e+15 8.33563e+16 -2.01053e+18 4.84935e+19 -1.16965e+21 2.82117e+22
-0.101362 -0.0964714 -0.211118 2.55673 -64.201 1545.98 -37291.1 899450 -2.16945e+07 5.23266e+08 -1.2621e+10 3.04416e+11 -7.34243e+12 1.77098e+14 -4.27155e+15 1.03029e+17 -2.48502e+18 5.99381e+19 -1.44569e+21 3.48697e+22
-0.101146 -0.0952461 -0.233556 3.10558 -77.4311 1865.09 -44988.1 1.0851e+06 -2.61723e+07 6.31269e+08 -1.5226e+10 3.67248e+11 -8.85792e+12 2.13651e+14 -5.1532e+15 1.24294e+17 -2.99794e+18 7.23094e+19 -1.74408e+21 4.20668e+22
-0.100885 -0.0937761 -0.260435 3.7631 -93.2807 2247.39 -54209 1.30751e+06 -3.15367e+07 7.60657e+08 -1.83468e+10 4.42521e+11 -1.06735e+13 2.57442e+14 -6.20943e+15 1.4977e+17 -3.61241e+18 8.71303e+19 -2.10156e+21 5.06891e+22
-0.10057 -0.0920115 -0.292665 4.55158 -112.287 2705.83 -65266.4 1.57421e+06 -3.79694e+07 9.15812e+08 -2.20892e+10 5.32785e+11 -1.28506e+13 3.09954e+14 -7.476e+15 1.80319e+17 -4.34925e+18 1.04903e+20 -2.53023e+21 6.10284e+22
-0.100191 -0.0898921 -0.331338 5.49774 -135.094 3255.95 -78535 1.89424e+06 -4.56886e+07 1.102e+09 -2.65799e+10 6.411e+11 -1.54632e+13 3.72967e+14 -8.99588e+15 2.16978e+17 -5.23346e+18 1.2623e+20 -3.04462e+21 7.34355e+22
-0.0997346 -0.0873461 -0.377765 6.63366 -162.475 3916.38 -94464.6 2.27846e+06 -5.49558e+07 1.32552e+09 -3.19712e+10 7.71137e+11 -1.85996e+13 4.48618e+14 -1.08205e+16 2.60989e+17 -6.29498e+18 1.51833e+20 -3.66218e+21 8.83308e+22
-0.0991848 -0.0842869 -0.43352 7.99783 -195.358 4709.54 -113595 2.73989e+06 -6.60853e+07 1.59396e+09 -3.84459e+10 9.27305e+11 -2.23664e+13 5.39471e+14 -1.30119e+16 3.13843e+17 -7.56982e+18 1.82582e+20 -4.40383e+21 1.06219e+23
-0.098523 -0.0806108 -0.500494 9.63652 -234.858 5662.29 -136575 3.29416e+06 -7.94543e+07 1.91642e+09 -4.62235e+10 1.1149e+12 -2.68911e+13 6.48605e+14 -1.56442e+16 3.77334e+17 -9.10119e+18 2.19518e+20 -5.29472e+21 1.27707e+23
-0.0977284 -0.076163 -0.581697 11.6231 -282.745 6817.35 -164435 3.96613e+06 -9.56619e+07 2.30734e+09 -5.56525e+10 1.34232e+12 -3.23765e+13 7.80912e+14 -1.88354e+16 4.54305e+17 -1.09577e+19 2.64297e+20 -6.37478e+21 1.53758e+23
-0.096775 -0.0707286 -0.681363 14.0608 -341.506 8234.67 -198621 4.79067e+06 -1.1555e+08 2.78703e+09 -6.72224e+10 1.62139e+12 -3.91074e+13 9.43261e+14 -2.27512e+16 5.48753e+17 -1.32358e+19 3.19244e+20 -7.70007e+21 1.85724e+23
-0.0956239 -0.0642166 -0.800539 16.976 -411.777 9929.65 -239503 5.77674e+06 -1.39333e+08 3.36069e+09 -8.10589e+10 1.95512e+12 -4.7157e+13 1.13741e+15 -2.74341e+16 6.61704e+17 -1.59601e+19 3.84954e+20 -9.28499e+21 2.23951e+23
-0.0942347 -0.0563994 -0.943413 20.4712 -496.028 11961.8 -288518 6.95897e+06 -1.67849e+08 4.04846e+09 -9.76479e+10 2.35524e+12 -5.68078e+13 1.37019e+15 -3.30486e+16 7.97124e+17 -1.92264e+19 4.63736e+20 -1.11852e+22 2.69784e+23
-0.0925585 -0.0470314 -1.11433 24.6528 -596.826 14393.1 -347160 8.3734e+06 -2.01964e+08 4.87133e+09 -1.17495e+11 2.83395e+12 -6.83542e+13 1.64868e+15 -3.97658e+16 9.59141e+17 -2.31342e+19 5.57992e+20 -1.34586e+22 3.24618e+23
-0.0905391 -0.035792 -1.31919 29.6651 -717.644 17307.3 -417449 1.00688e+07 -2.42856e+08 5.85762e+09 -1.41284e+11 3.40774e+12 -8.21938e+13 1.98249e+15 -4.78172e+16 1.15334e+18 -2.78182e+19 6.70968e+20 -1.61836e+22 3.90344e+23
-0.0881017 -0.0224457 -1.56142 35.5933 -860.54 20754 -500583 1.20739e+07 -2.9122e+08 7.02415e+09 -1.69421e+11 4.08638e+12 -9.85624e+13 2.3773e+15 -5.73398e+16 1.38302e+18 -3.33581e+19 8.04589e+20 -1.94065e+22 4.68079e+23
-0.0851813 -0.00621929 -1.85704 42.8271 -1034.91 24959.8 -602025 1.45207e+07 -3.50235e+08 8.44758e+09 -2.03754e+11 4.91448e+12 -1.18536e+14 2.85906e+15 -6.89597e+16 1.66329e+18 -4.01181e+19 9.67639e+20 -2.33392e+22 5.62935e+23
-0.0816616 0.0131554 -2.20848 51.4312 -1242.3 29962.1 -722680 1.74309e+07 -4.20428e+08 1.01406e+10 -2.44589e+11 5.89942e+12 -1.42292e+14 3.43206e+15 -8.27803e+16 1.99664e+18 -4.81584e+19 1.16157e+21 -2.80167e+22 6.75756e+23
-0.0773837 0.0359569 -2.61645 61.4285 -1483.26 35774.2 -862866 2.08121e+07 -5.01983e+08 1.21077e+10 -2.92034e+11 7.04379e+12 -1.69894e+14 4.09781e+15 -9.88381e+16 2.38395e+18 -5.75002e+19 1.38689e+21 -3.34514e+22 8.06839e+23
-0.0703325 0.0271485 -2.21547 51.9687 -1254.86 30265.6 -730000 1.76074e+07 -4.24686e+08 1.02433e+10 -2.47066e+11 5.95917e+12 -1.43734e+14 3.46681e+15 -8.36187e+16 2.01686e+18 -4.86461e+19 1.17333e+21 -2.83005e+22 6.826e+23
-0.0607454 -0.03655 -0.501213 10.8067 -261.853 6314.7 -152310 3.67368e+06 -8.86081e+07 2.1372e+09 -5.15488e+10 1.24334e+12 -2.99891e+13 7.2333e+14 -1.74465e+16 4.20805e+17 -1.01497e+19 2.44809e+20 -5.90472e+21 1.4242e+23
-0.0538936 -0.0797925 0.6432 -16.7128 401.98 -9696.71 233881 -5.64115e+06 1.36063e+08 -3.28181e+09 7.91563e+10 -1.90923e+12 4.60501e+13 -1.11072e+15 2.67902e+16 -6.46173e+17 1.55855e+19 -3.75918e+20 9.06705e+21 -2.18695e+23
-0.0505193 -0.0822508 0.75692 -19.4214 467.328 -11272.9 271898 -6.55812e+06 1.5818e+08 -3.81526e+09 9.20231e+10 -2.21957e+12 5.35355e+13 -1.29126e+15 3.11449e+16 -7.51207e+17 1.81189e+19 -4.37024e+20 1.05409e+22 -2.54244e+23
-0.0481779 -0.0875678 0.914716 -23.2156 558.84 -13480.1 325137 -7.84221e+06 1.89152e+08 -4.5623e+09 1.10041e+11 -2.65417e+12 6.40179e+13 -1.54409e+15 3.72431e+16 -8.98295e+17 2.16666e+19 -5.22594e+20 1.26048e+22 -3.04025e+23
-0.0468227 -0.0952014 1.1042 -27.7965 669.306 -16144.6 389403 -9.39229e+06 2.2654e+08 -5.46407e+09 1.31792e+11 -3.17879e+12 7.66716e+13 -1.8493e+15 4.46046e+16 -1.07585e+18 2.59492e+19 -6.25889e+20 1.50963e+22 -3.64118e+23
-0.0464005 -0.105437 1.33256 -33.3382 802.924 -19367.5 467137 -1.12672e+07 2.71763e+08 -6.55485e+09 1.58101e+11 -3.81336e+12 9.19772e+13 -2.21847e+15 5.35088e+16 -1.29062e+18 3.11294e+19 -7.50833e+20 1.81099e+22 -4.36806e+23
-0.0468912 -0.118686 1.60911 -40.066 965.127 -23279.9 561503 -1.35433e+07 3.26661e+08 -7.87898e+09 1.90039e+11 -4.58369e+12 1.10557e+14 -2.66661e+15 6.4318e+16 -1.55133e+18 3.74178e+19 -9.02507e+20 2.17682e+22 -5.25044e+23
-0.0483148 -0.135296 1.94077 -48.1489 1159.99 -27980 674869 -1.62777e+07 3.92613e+08 -9.46972e+09 2.28407e+11 -5.50912e+12 1.32879e+14 -3.205e+15 7.73037e+16 -1.86454e+18 4.49723e+19 -1.08472e+21 2.61632e+22 -6.31049e+23
-0.0507174 -0.155833 2.33893 -57.8647 1394.21 -33629.4 811132 -1.95643e+07 4.71885e+08 -1.13818e+10 2.74525e+11 -6.62147e+12 1.59708e+14 -3.85212e+15 9.2912e+16 -2.24101e+18 5.40527e+19 -1.30374e+21 3.14458e+22 -7.58464e+23
-0.0541799 -0.180973 2.8166 -69.5307 1675.43 -40412.6 974741 -2.35105e+07 5.67067e+08 -1.36775e+10 3.29898e+11 -7.95705e+12 1.91922e+14 -4.62911e+15 1.11653e+17 -2.69304e+18 6.49553e+19 -1.56671e+21 3.77885e+22 -9.11449e+23
-0.0588166 -0.211574 3.39012 -83.5467 2013.29 -48562 1.1713e+06 -2.82515e+07 6.81418e+08 -1.64356e+10 3.96423e+11 -9.56161e+12 2.30624e+14 -5.56258e+15 1.34168e+17 -3.2361e+18 7.80538e+19 -1.88264e+21 4.54087e+22 -1.09525e+24
-0.0647901 -0.248561 4.07557 -100.309 2417.35 -58307.9 1.40637e+06 -3.39212e+07 8.18172e+08 -1.97341e+10 4.75981e+11 -1.14805e+13 2.76907e+14 -6.67894e+15 1.61094e+17 -3.88555e+18 9.37184e+19 -2.26046e+21 5.45218e+22 -1.31505e+24
-0.0723396 -0.292867 4.88618 -120.147 2895.53 -69841.9 1.68456e+06 -4.06313e+07 9.80015e+08 -2.36377e+10 5.70135e+11 -1.37515e+13 3.31683e+14 -8.00011e+15 1.9296e+17 -4.65416e+18 1.12257e+20 -2.70761e+21 6.53068e+22 -1.57518e+24
-0.0837173 -0.307796 4.9108 -121.117 2918.51 -70396.7 1.69795e+06 -4.0954e+07 9.87801e+08 -2.38255e+10 5.74665e+11 -1.38608e+13 3.34318e+14 -8.06366e+15 1.94493e+17 -4.69113e+18 1.13149e+20 -2.72912e+21 6.58256e+22 -1.5877e+24
-0.0988442 -0.269095 3.61831 -90.33 2175.52 -52476.4 1.26571e+06 -3.05287e+07 7.36343e+08 -1.77604e+10 4.28376e+11 -1.03323e+13 2.49213e+14 -6.01095e+15 1.44983e+17 -3.49694e+18 8.43453e+19 -2.03439e+21 4.90689e+22 -1.18353e+24
0.103077 -0.0503993 3.42966 -80.695 1948.21 -46988.6 1.13336e+06 -2.73362e+07 6.59343e+08 -1.59032e+10 3.8358e+11 -9.25186e+12 2.23152e+14 -5.38238e+15 1.29822e+17 -3.13126e+18 7.55252e+19 -1.82165e+21 4.39377e+22 -1.05976e+24
0.0857869 0.051351 0.653725 -14.0665 340.822 -8219.13 198244 -4.7816e+06 1.15331e+08 -2.78175e+09 6.70952e+10 -1.61832e+12 3.90334e+13 -9.41475e+14 2.27081e+16 -5.47714e+17 1.32107e+19 -3.18639e+20 7.68549e+21 -1.85372e+23
0.0739803 0.103694 -0.801553 20.8758 -502.106 12112 -292136 7.04626e+06 -1.69954e+08 4.09924e+09 -9.88726e+10 2.38478e+12 -5.75203e+13 1.38738e+15 -3.34631e+16 8.07122e+17 -1.94676e+19 4.69553e+20 -1.13255e+22 2.73168e+23
0.0671793 0.103221 -0.912584 23.466 -564.642 13620.3 -328516 7.92373e+06 -1.91118e+08 4.60972e+09 -1.11185e+11 2.68176e+12 -6.46833e+13 1.56015e+15 -3.76303e+16 9.07633e+17 -2.18919e+19 5.28026e+20 -1.27358e+22 3.07185e+23
0.062093 0.106645 -1.07833 27.4103 -659.807 15915.6 -383880 9.25908e+06 -2.23327e+08 5.38658e+09 -1.29923e+11 3.13371e+12 -7.55842e+13 1.82307e+15 -4.3972e+16 1.06059e+18 -2.55812e+19 6.17012e+20 -1.48822e+22 3.58954e+23
0.0585715 0.113124 -1.28131 32.2853 -777.391 18751.7 -452286 1.0909e+07 -2.63122e+08 6.34645e+09 -1.53075e+11 3.69212e+12 -8.90529e+13 2.14793e+15 -5.18076e+16 1.24959e+18 -3.01397e+19 7.26961e+20 -1.75341e+22 4.22918e+23
0.0564698 0.122888 -1.52917 38.2746 -921.821 22235.4 -536311 1.29357e+07 -3.12005e+08 7.52548e+09 -1.81513e+11 4.37804e+12 -1.05597e+14 2.54697e+15 -6.14324e+16 1.48173e+18 -3.5739e+19 8.62015e+20 -2.07916e+22 5.01487e+23
0.0556955 0.136318 -1.83188 45.6186 -1098.89 26506.4 -639327 1.54204e+07 -3.71936e+08 8.971e+09 -2.16378e+11 5.21898e+12 -1.25881e+14 3.03621e+15 -7.32325e+16 1.76635e+18 -4.26039e+19 1.02759e+21 -2.47853e+22 5.97815e+23
0.0562131 0.153759 -2.19724 54.5068 -1313.18 31675.2 -763995 1.84274e+07 -4.44463e+08 1.07203e+10 -2.58572e+11 6.23668e+12 -1.50427e+14 3.62826e+15 -8.75127e+16 2.11078e+18 -5.09116e+19 1.22797e+21 -2.96184e+22 7.14388e+23
0.0580277 0.175797 -2.6378 65.2443 -1572.04 37918.9 -914592 2.20597e+07 -5.32075e+08 1.28335e+10 -3.09541e+11 7.46604e+12 -1.80079e+14 4.34345e+15 -1.04763e+17 2.52686e+18 -6.09471e+19 1.47003e+21 -3.54567e+22 8.55206e+23
0.0611915 0.20315 -3.16801 78.1831 -1883.96 45442.3 -1.09606e+06 2.64366e+07 -6.37643e+08 1.53798e+10 -3.70956e+11 8.94737e+12 -2.15808e+14 5.20524e+15 -1.25549e+17 3.02821e+18 -7.30396e+19 1.7617e+21 -4.24916e+22 1.02489e+24
0.0658012 0.236749 -3.80607 93.7682 -2259.65 54504.2 -1.31462e+06 3.17084e+07 -7.64798e+08 1.84467e+10 -4.4493e+11 1.07316e+13 -2.58843e+14 6.24324e+15 -1.50585e+17 3.63208e+18 -8.76047e+19 2.113e+21 -5.09651e+22 1.22926e+24
0.0720135 0.27761 -4.57001 112.443 -2709.81 65362.3 -1.57652e+06 3.80252e+07 -9.17158e+08 2.21216e+10 -5.33568e+11 1.28695e+13 -3.10409e+14 7.48699e+15 -1.80584e+17 4.35564e+18 -1.05057e+20 2.53395e+21 -6.11181e+22 1.47415e+24
0.0800761 0.326733 -5.47403 134.562 -3242.97 78222.3 -1.8867e+06 4.55067e+07 -1.09761e+09 2.64741e+10 -6.38547e+11 1.54016e+13 -3.71482e+14 8.96006e+15 -2.16114e+17 5.21262e+18 -1.25727e+20 3.0325e+21 -7.31431e+22 1.76419e+24
0.092482 0.343241 -5.50346 135.687 -3269.65 78866.4 -1.90223e+06 4.58814e+07 -1.10665e+09 2.6692e+10 -6.43805e+11 1.55284e+13 -3.74541e+14 9.03383e+15 -2.17894e+17 5.25553e+18 -1.26762e+20 3.05747e+21 -7.37453e+22 1.77872e+24
0.109131 0.300083 -4.06607 101.447 -2443.33 58936.2 -1.42152e+06 3.42867e+07 -8.26987e+08 1.99467e+10 -4.81109e+11 1.16042e+13 -2.79891e+14 6.7509e+15 -1.6283e+17 3.92741e+18 -9.47282e+19 2.28482e+21 -5.51092e+22 1.32922e+24
-0.108817 0.0100639 -2.60301 60.6378 -1464.53 35322.4 -851968 2.05492e+07 -4.95642e+08 1.19548e+10 -2.88346e+11 6.95482e+12 -1.67748e+14 4.04605e+15 -9.75896e+16 2.35384e+18 -5.67739e+19 1.36937e+21 -3.30289e+22 7.96648e+23
-0.0925035 -0.0600877 -0.597205 12.5629 -304.684 7347.38 -177218 4.27446e+06 -1.03099e+08 2.48671e+09 -5.99789e+10 1.44668e+12 -3.48934e+13 8.4162e+14 -2.02997e+16 4.89623e+17 -1.18096e+19 2.84844e+20 -6.87035e+21 1.65711e+23
-0.0802353 -0.107641 0.755943 -19.9046 478.562 -11544.2 278442 -6.71595e+06 1.61987e+08 -3.90708e+09 9.42378e+10 -2.27299e+12 5.48239e+13 -1.32234e+15 3.18945e+16 -7.69286e+17 1.8555e+19 -4.47541e+20 1.07946e+22 -2.60362e+23
-0.072789 -0.107603 0.89095 -23.061 554.765 -13382.2 322773 -7.7852e+06 1.87777e+08 -4.52913e+09 1.09241e+11 -2.63487e+12 6.35525e+13 -1.53287e+15 3.69724e+16 -8.91765e+17 2.15091e+19 -5.18794e+20 1.25132e+22 -3.01815e+23
-0.0671537 -0.111439 1.07781 -27.5047 661.983 -15968.2 385148 -9.28967e+06 2.24064e+08 -5.40437e+09 1.30352e+11 -3.14406e+12 7.58338e+13 -1.82909e+15 4.41172e+16 -1.0641e+18 2.56657e+19 -6.1905e+20 1.49313e+22 -3.6014e+23
-0.063173 -0.118423 1.30188 -32.8811 791.667 -19096.2 460593 -1.11094e+07 2.67955e+08 -6.46301e+09 1.55886e+11 -3.75993e+12 9.06886e+13 -2.18739e+15 5.27592e+16 -1.27254e+18 3.06933e+19 -7.40313e+20 1.78562e+22 -4.30686e+23
-0.0607002 -0.128814 1.57155 -39.391 948.66 -22882.8 551926 -1.33123e+07 3.2109e+08 -7.7446e+09 1.86798e+11 -4.50551e+12 1.08672e+14 -2.62113e+15 6.32211e+16 -1.52488e+18 3.67796e+19 -8.87114e+20 2.1397e+22 -5.16089e+23
-0.0596422 -0.143026 1.89751 -47.2927 1139.19 -27478.4 662770 -1.59858e+07 3.85574e+08 -9.29995e+09 2.24312e+11 -5.41035e+12 1.30496e+14 -3.14754e+15 7.59178e+16 -1.83112e+18 4.4166e+19 -1.06527e+21 2.56941e+22 -6.19735e+23
-0.0599633 -0.161435 2.28835 -56.7948 1368.28 -33004.2 796051 -1.92006e+07 4.63112e+08 -1.11701e+10 2.69421e+11 -6.49836e+12 1.56739e+14 -3.7805e+15 9.11846e+16 -2.19935e+18 5.30477e+19 -1.2795e+21 3.08611e+22 -7.44363e+23
-0.0616699 -0.184668 2.75749 -68.2231 1643.8 -39649.8 956341 -2.30667e+07 5.56362e+08 -1.34193e+10 3.2367e+11 -7.80684e+12 1.88299e+14 -4.54172e+15 1.09545e+17 -2.6422e+18 6.37292e+19 -1.53713e+21 3.70752e+22 -8.94244e+23
-0.0648173 -0.213491 3.32033 -81.9534 1974.8 -47633.6 1.14891e+06 -2.77113e+07 6.6839e+08 -1.61214e+10 3.88844e+11 -9.37881e+12 2.26214e+14 -5.45623e+15 1.31603e+17 -3.17423e+18 7.65615e+19 -1.84664e+21 4.45406e+22 -1.07431e+24
-0.069507 -0.248887 3.99621 -98.4574 2372.65 -57229.8 1.38037e+06 -3.3294e+07 8.03044e+08 -1.93692e+10 4.6718e+11 -1.12683e+13 2.71787e+14 -6.55544e+15 1.58116e+17 -3.81371e+18 9.19856e+19 -2.21867e+21 5.35137e+22 -1.29074e+24
-0.075903 -0.291941 4.80443 -118.211 2848.81 -68715.1 1.65739e+06 -3.99758e+07 9.64205e+08 -2.32564e+10 5.60937e+11 -1.35297e+13 3.26332e+14 -7.87104e+15 1.89847e+17 -4.57907e+18 1.10446e+20 -2.66393e+21 6.42532e+22 -1.54977e+24
-0.0842662 -0.343692 5.75966 -141.579 3412.09 -82301.6 1.98509e+06 -4.78798e+07 1.15485e+09 -2.78547e+10 6.71847e+11 -1.62048e+13 3.90855e+14 -9.42732e+15 2.27384e+17 -5.48445e+18 1.32284e+20 -3.19064e+21 7.69575e+22 -1.85619e+24
-0.0972159 -0.361194 5.79583 -142.887 3443.15 -83051.4 2.00317e+06 -4.8316e+07 1.16537e+09 -2.81084e+10 6.77967e+11 -1.63524e+13 3.94416e+14 -9.5132e+15 2.29456e+17 -5.53442e+18 1.33489e+20 -3.21971e+21 7.76586e+22 -1.8731e+24
-0.114648 -0.315999 4.29015 -107.021 2577.59 -62174.6 1.49963e+06 -3.61707e+07 8.72429e+08 -2.10427e+10 5.07546e+11 -1.22419e+13 2.95271e+14 -7.12185e+15 1.71777e+17 -4.14322e+18 9.99334e+19 -2.41037e+21 5.81374e+22 -1.40226e+24
0.112477 -0.0133784 2.75592 -64.263 1552.03 -37432.6 902867 -2.17769e+07 5.25253e+08 -1.2669e+10 3.05572e+11 -7.37032e+12 1.7777e+14 -4.28777e+15 1.0342e+17 -2.49446e+18 6.01658e+19 -1.45118e+21 3.50021e+22 -8.44242e+23
0.0953561 0.0600987 0.653856 -13.8823 336.547 -8115.86 195754 -4.72153e+06 1.13882e+08 -2.74681e+09 6.62522e+10 -1.59799e+12 3.8543e+13 -9.29647e+14 2.24228e+16 -5.40833e+17 1.30448e+19 -3.14636e+20 7.58894e+21 -1.83043e+23
0.0824668 0.109756 -0.761161 20.0678 -482.47 11638.5 -280716 6.77079e+06 -1.6331e+08 3.93899e+09 -9.50074e+10 2.29155e+12 -5.52717e+13 1.33314e+15 -3.21549e+16 7.75569e+17 -1.87065e+19 4.51196e+20 -1.08827e+22 2.62489e+23
0.0746241 0.109306 -0.894397 23.1749 -557.487 13447.8 -324357 7.8234e+06 -1.88698e+08 4.55136e+09 -1.09778e+11 2.64781e+12 -6.38644e+13 1.54039e+15 -3.71538e+16 8.96141e+17 -2.16147e+19 5.21341e+20 -1.25746e+22 3.03296e+23
0.068661 0.11284 -1.08067 27.5991 -664.24 16022.7 -386461 9.32134e+06 -2.24828e+08 5.4228e+09 -1.30797e+11 3.15478e+12 -7.60924e+13 1.83533e+15 -4.42677e+16 1.06772e+18 -2.57532e+19 6.21161e+20 -1.49822e+22 3.61368e+23
0.0644109 0.119574 -1.30427 32.9594 -793.538 19141.3 -461682 1.11356e+07 -2.68589e+08 6.47829e+09 -1.56255e+11 3.76882e+12 -9.0903e+13 2.19256e+15 -5.28839e+16 1.27555e+18 -3.07658e+19 7.42063e+20 -1.78984e+22 4.31704e+23
0.0617168 0.129761 -1.57353 39.4559 -950.211 22920.3 -552829 1.33341e+07 -3.21615e+08 7.75727e+09 -1.87103e+11 4.51288e+12 -1.08849e+14 2.62542e+15 -6.33245e+16 1.52737e+18 -3.68398e+19 8.88565e+20 -2.1432e+22 5.16933e+23
0.0604769 0.143804 -1.89916 47.3465 -1140.47 27509.4 -663518 1.60039e+07 -3.8601e+08 9.31045e+09 -2.24566e+11 5.41646e+12 -1.30644e+14 3.15109e+15 -7.60035e+16 1.83318e+18 -4.42159e+19 1.06648e+21 -2.57231e+22 6.20435e+23
0.0606486 0.162074 -2.28972 56.8394 -1369.35 33029.9 -796672 1.92155e+07 -4.63473e+08 1.11789e+10 -2.69631e+11 6.50343e+12 -1.56861e+14 3.78345e+15 -9.12557e+16 2.20106e+18 -5.30891e+19 1.2805e+21 -3.08852e+22 7.44943e+23
0.0622325 0.185194 -2.75863 68.2601 -1644.69 39671.1 -956855 2.30791e+07 -5.56662e+08 1.34265e+10 -3.23845e+11 7.81105e+12 -1.884e+14 4.54417e+15 -1.09604e+17 2.64362e+18 -6.37635e+19 1.53796e+21 -3.70952e+22 8.94725e+23
0.0652791 0.213923 -3.32129 81.9841 -1975.53 47651.3 -1.14933e+06 2.77216e+07 -6.68638e+08 1.61274e+10 -3.88988e+11 9.38229e+12 -2.26298e+14 5.45826e+15 -1.31652e+17 3.17541e+18 -7.659e+19 1.84733e+21 -4.45571e+22 1.07471e+24
0.0698861 0.249242 -3.997 98.4828 -2373.25 57244.4 -1.38072e+06 3.33026e+07 -8.03249e+08 1.93742e+10 -4.673e+11 1.12711e+13 -2.71857e+14 6.55712e+15 -1.58156e+17 3.81468e+18 -9.20091e+19 2.21924e+21 -5.35274e+22 1.29107e+24
0.076214 0.292232 -4.80509 118.232 -2849.32 68727.3 -1.65768e+06 3.99828e+07 -9.64376e+08 2.32605e+10 -5.61037e+11 1.35321e+13 -3.2639e+14 7.87243e+15 -1.89881e+17 4.57988e+18 -1.10466e+20 2.6644e+21 -6.42646e+22 1.55005e+24
0.0845214 0.343932 -5.76021 141.597 -3412.51 82311.7 -1.98533e+06 4.78857e+07 -1.15499e+09 2.78581e+10 -6.71929e+11 1.62068e+13 -3.90903e+14 9.42847e+15 -2.27412e+17 5.48512e+18 -1.323e+20 3.19104e+21 -7.69669e+22 1.85642e+24
0.0974253 0.36139 -5.79628 142.902 -3443.5 83059.7 -2.00338e+06 4.83209e+07 -1.16549e+09 2.81112e+10 -6.78036e+11 1.6354e+13 -3.94455e+14 9.51416e+15 -2.29479e+17 5.53497e+18 -1.33502e+20 3.22004e+21 -7.76664e+22 1.87329e+24
0.11482 0.316161 -4.29053 107.033 -2577.88 62181.6 -1.4998e+06 3.61748e+07 -8.72526e+08 2.10451e+10 -5.07602e+11 1.22432e+13 -2.95303e+14 7.12264e+15 -1.71796e+17 4.14368e+18 -9.99445e+19 2.41064e+21 -5.81439e+22 1.40242e+24
-0.112336 0.0135112 -2.75624 64.2729 -1552.27 37438.4 -903006 2.17803e+07 -5.25334e+08 1.26709e+10 -3.05619e+11 7.37146e+12 -1.77798e+14 4.28843e+15 -1.03436e+17 2.49484e+18 -6.0175e+19 1.45141e+21 -3.50075e+22 8.44372e+23
-0.0952405 -0.0599897 -0.654119 13.8906 -336.744 8120.63 -195869 4.7243e+06 -1.13949e+08 2.74842e+09 -6.62912e+10 1.59893e+12 -3.85657e+13 9.30193e+14 -2.2436e+16 5.41151e+17 -1.30524e+19 3.14821e+20 -7.5934e+21 1.83151e+23
-0.082372 -0.109666 0.760943 -20.061 482.306 -11634.5 280621 -6.76849e+06 1.63254e+08 -3.93765e+09 9.49751e+10 -2.29077e+12 5.52529e+13 -1.33269e+15 3.2144e+16 -7.75305e+17 1.87002e+19 -4.51043e+20 1.0879e+22 -2.62399e+23
-0.0745464 -0.109233 0.894215 -23.1692 557.351 -13444.6 324278 -7.8215e+06 1.88652e+08 -4.55025e+09 1.09751e+11 -2.64716e+12 6.38488e+13 -1.54002e+15 3.71448e+16 -8.95923e+17 2.16094e+19 -5.21213e+20 1.25715e+22 -3.03222e+23
-0.0685973 -0.112779 1.08052 -27.5944 664.127 -16019.9 386396 -9.31976e+06 2.2479e+08 -5.42188e+09 1.30774e+11 -3.15424e+12 7.60795e+13 -1.83502e+15 4.42601e+16 -1.06754e+18 2.57489e+19 -6.21056e+20 1.49797e+22 -3.61306e+23
-0.0643587 -0.119525 1.30414 -32.9555 793.444 -19139 461627 -1.11343e+07 2.68557e+08 -6.47753e+09 1.56236e+11 -3.76838e+12 9.08923e+13 -2.1923e+15 5.28777e+16 -1.2754e+18 3.07622e+19 -7.41976e+20 1.78963e+22 -4.31653e+23
-0.061674 -0.12972 1.57343 -39.4527 950.134 -22918.4 552784 -1.3333e+07 3.21589e+08 -7.75663e+09 1.87088e+11 -4.51251e+12 1.08841e+14 -2.62521e+15 6.33193e+16 -1.52725e+18 3.68367e+19 -8.88493e+20 2.14302e+22 -5.16891e+23
-0.0604418 -0.14377 1.89907 -47.3438 1140.41 -27507.9 663481 -1.6003e+07 3.85988e+08 -9.30993e+09 2.24553e+11 -5.41616e+12 1.30636e+14 -3.15091e+15 7.59992e+16 -1.83308e+18 4.42134e+19 -1.06642e+21 2.57217e+22 -6.204e+23
-0.0606199 -0.162047 2.28965 -56.8372 1369.3 -33028.7 796641 -1.92148e+07 4.63455e+08 -1.11784e+10 2.69621e+11 -6.50318e+12 1.56855e+14 -3.7833e+15 9.12522e+16 -2.20098e+18 5.3087e+19 -1.28045e+21 3.0884e+22 -7.44914e+23
-0.062209 -0.185171 2.75857 -68.2583 1644.64 -39670.1 956830 -2.30785e+07 5.56647e+08 -1.34262e+10 3.23836e+11 -7.81084e+12 1.88395e+14 -4.54405e+15 1.09601e+17 -2.64355e+18 6.37618e+19 -1.53792e+21 3.70942e+22 -8.94701e+23
-0.0652599 -0.213904 3.32124 -81.9826 1975.5 -47650.4 1.14931e+06 -2.77211e+07 6.68626e+08 -1.61271e+10 3.88981e+11 -9.38212e+12 2.26294e+14 -5.45816e+15 1.31649e+17 -3.17535e+18 7.65886e+19 -1.8473e+21 4.45563e+22 -1.07469e+24
-0.0698703 -0.249227 3.99695 -98.4816 2373.22 -57243.7 1.3807e+06 -3.33022e+07 8.03239e+08 -1.93739e+10 4.67294e+11 -1.1271e+13 2.71854e+14 -6.55704e+15 1.58154e+17 -3.81463e+18 9.2008e+19 -2.21921e+21 5.35267e+22 -1.29105e+24
-0.0762011 -0.29222 4.80506 -118.231 2849.29 -68726.7 1.65767e+06 -3.99825e+07 9.64367e+08 -2.32603e+10 5.61032e+11 -1.35319e+13 3.26387e+14 -7.87236e+15 1.89879e+17 -4.57984e+18 1.10465e+20 -2.66438e+21 6.4264e+22 -1.55003e+24
-0.0845108 -0.343922 5.76018 -141.596 3412.49 -82311.2 1.98532e+06 -4.78854e+07 1.15498e+09 -2.78579e+10 6.71925e+11 -1.62067e+13 3.909e+14 -9.42842e+15 2.27411e+17 -5.48509e+18 1.32299e+20 -3.19102e+21 7.69665e+22 -1.85641e+24
-0.0974166 -0.361382 5.79626 -142.901 3443.48 -83059.3 2.00336e+06 -4.83206e+07 1.16548e+09 -2.81111e+10 6.78032e+11 -1.6354e+13 3.94453e+14 -9.51411e+15 2.29478e+17 -5.53494e+18 1.33501e+20 -3.22002e+21 7.7666e+22 -1.87328e+24
-0.114813 -0.316154 4.29051 -107.032 2577.86 -62181.2 1.49979e+06 -3.61746e+07 8.72521e+08 -2.1045e+10 5.07599e+11 -1.22432e+13 2.95302e+14 -7.1226e+15 1.71795e+17 -4.14366e+18 9.99439e+19 -2.41062e+21 5.81436e+22 -1.40241e+24
0.112342 -0.0135056 2.75622 -64.2724 1552.25 -37438.1 902999 -2.17801e+07 5.2533e+08 -1.26708e+10 3.05617e+11 -7.3714e+12 1.77796e+14 -4.2884e+15 1.03435e+17 -2.49483e+18 6.01745e+19 -1.45139e+21 3.50072e+22 -8.44366e+23
0.0952453 0.0599943 0.654105 -13.8902 336.734 -8120.39 195863 -4.72417e+06 1.13946e+08 -2.74834e+09 6.62892e+10 -1.59888e+12 3.85645e+13 -9.30166e+14 2.24354e+16 -5.41135e+17 1.3052e+19 -3.14812e+20 7.59317e+21 -1.83145e+23
0.0823759 0.10967 -0.760954 20.0613 -482.314 11634.7 -280625 6.76861e+06 -1.63257e+08 3.93772e+09 -9.49767e+10 2.29081e+12 -5.52538e+13 1.33271e+15 -3.21446e+16 7.75318e+17 -1.87005e+19 4.51051e+20 -1.08792e+22 2.62404e+23
0.0745495 0.109236 -0.894225 23.1695 -557.358 13444.7 -324282 7.82159e+06 -1.88655e+08 4.5503e+09 -1.09752e+11 2.64719e+12 -6.38496e+13 1.54004e+15 -3.71452e+16 8.95933e+17 -2.16097e+19 5.2122e+20 -1.25717e+22 3.03226e+23
0.0685999 0.112782 -1.08053 27.5946 -664.133 16020.1 -386399 9.31984e+06 -2.24792e+08 5.42193e+09 -1.30775e+11 3.15427e+12 -7.60801e+13 1.83503e+15 -4.42605e+16 1.06755e+18 -2.57491e+19 6.21061e+20 -1.49798e+22 3.61309e+23
0.0643608 0.119527 -1.30415 32.9556 -793.449 19139.2 -461630 1.11344e+07 -2.68559e+08 6.47757e+09 -1.56237e+11 3.7684e+12 -9.08928e+13 2.19231e+15 -5.2878e+16 1.2754e+18 -3.07624e+19 7.4198e+20 -1.78964e+22 4.31656e+23
0.0616757 0.129722 -1.57344 39.4529 -950.137 22918.5 -552786 1.33331e+07 -3.2159e+08 7.75667e+09 -1.87089e+11 4.51253e+12 -1.08841e+14 2.62522e+15 -6.33196e+16 1.52725e+18 -3.68369e+19 8.88496e+20 -2.14303e+22 5.16893e+23
0.0604433 0.143772 -1.89907 47.344 -1140.41 27507.9 -663483 1.6003e+07 -3.85989e+08 9.30995e+09 -2.24554e+11 5.41617e+12 -1.30637e+14 3.15092e+15 -7.59994e+16 1.83309e+18 -4.42136e+19 1.06642e+21 -2.57218e+22 6.20402e+23
0.0606211 0.162048 -2.28965 56.8373 -1369.3 33028.7 -796643 1.92148e+07 -4.63456e+08 1.11784e+10 -2.69621e+11 6.50319e+12 -1.56855e+14 3.78331e+15 -9.12524e+16 2.20098e+18 -5.30871e+19 1.28045e+21 -3.08841e+22 7.44915e+23
0.06221 0.185172 -2.75857 68.2584 -1644.64 39670.1 -956831 2.30785e+07 -5.56648e+08 1.34262e+10 -3.23836e+11 7.81085e+12 -1.88396e+14 4.54405e+15 -1.09601e+17 2.64356e+18 -6.37619e+19 1.53792e+21 -3.70942e+22 8.94703e+23
0.0652606 0.213905 -3.32124 81.9826 -1975.5 47650.4 -1.14931e+06 2.77211e+07 -6.68627e+08 1.61271e+10 -3.88981e+11 9.38213e+12 -2.26294e+14 5.45816e+15 -1.31649e+17 3.17535e+18 -7.65886e+19 1.8473e+21 -4.45563e+22 1.07469e+24
0.0698709 0.249227 -3.99696 98.4816 -2373.23 57243.8 -1.3807e+06 3.33022e+07 -8.0324e+08 1.93739e+10 -4.67294e+11 1.1271e+13 -2.71854e+14 6.55704e+15 -1.58154e+17 3.81464e+18 -9.2008e+19 2.21921e+21 -5.35268e+22 1.29105e+24
0.0762016 0.29222 -4.80506 118.231 -2849.29 68726.7 -1.65767e+06 3.99825e+07 -9.64367e+08 2.32603e+10 -5.61032e+11 1.35319e+13 -3.26387e+14 7.87237e+15 -1.89879e+17 4.57984e+18 -1.10465e+20 2.66438e+21 -6.42641e+22 1.55003e+24
0.0845113 0.343922 -5.76018 141.596 -3412.49 82311.2 -1.98532e+06 4.78854e+07 -1.15498e+09 2.78579e+10 -6.71925e+11 1.62067e+13 -3.90901e+14 9.42842e+15 -2.27411e+17 5.48509e+18 -1.32299e+20 3.19102e+21 -7.69665e+22 1.85641e+24
0.097417 0.361382 -5.79626 142.901 -3443.48 83059.3 -2.00337e+06 4.83207e+07 -1.16548e+09 2.81111e+10 -6.78032e+11 1.6354e+13 -3.94453e+14 9.51411e+15 -2.29478e+17 5.53495e+18 -1.33501e+20 3.22002e+21 -7.7666e+22 1.87328e+24
0.114813 0.316155 -4.29051 107.032 -2577.86 62181.2 -1.49979e+06 3.61746e+07 -8.72521e+08 2.1045e+10 -5.07599e+11 1.22432e+13 -2.95302e+14 7.12261e+15 -1.71795e+17 4.14366e+18 -9.9944e+19 2.41062e+21 -5.81436e+22 1.40241e+24
-0.112342 0.0135058 -2.75622 64.2725 -1552.25 37438.1 -902999 2.17801e+07 -5.2533e+08 1.26708e+10 -3.05617e+11 7.3714e+12 -1.77796e+14 4.2884e+15 -1.03435e+17 2.49483e+18 -6.01746e+19 1.45139e+21 -3.50073e+22 8.44366e+23
-0.0952451 -0.0599941 -0.654105 13.8902 -336.735 8120.4 -195863 4.72417e+06 -1.13946e+08 2.74834e+09 -6.62893e+10 1.59888e+12 -3.85646e+13 9.30167e+14 -2.24354e+16 5.41136e+17 -1.30521e+19 3.14812e+20 -7.59319e+21 1.83146e+23
-0.0823758 -0.10967 0.760954 -20.0613 482.314 -11634.7 280625 -6.7686e+06 1.63257e+08 -3.93771e+09 9.49766e+10 -2.29081e+12 5.52538e+13 -1.33271e+15 3.21445e+16 -7.75318e+17 1.87005e+19 -4.5105e+20 1.08792e+22 -2.62404e+23
-0.0745494 -0.109235 0.894224 -23.1695 557.358 -13444.7 324282 -7.82159e+06 1.88655e+08 -4.5503e+09 1.09752e+11 -2.64719e+12 6.38495e+13 -1.54003e+15 3.71452e+16 -8.95933e+17 2.16097e+19 -5.21219e+20 1.25717e+22 -3.03226e+23
-0.0685998 -0.112782 1.08053 -27.5946 664.133 -16020.1 386399 -9.31984e+06 2.24792e+08 -5.42192e+09 1.30775e+11 -3.15427e+12 7.60801e+13 -1.83503e+15 4.42605e+16 -1.06755e+18 2.57491e+19 -6.21061e+20 1.49798e+22 -3.61309e+23
-0.0643607 -0.119527 1.30415 -32.9556 793.449 -19139.2 461630 -1.11344e+07 2.68559e+08 -6.47756e+09 1.56237e+11 -3.7684e+12 9.08928e+13 -2.19231e+15 5.2878e+16 -1.2754e+18 3.07624e+19 -7.4198e+20 1.78964e+22 -4.31656e+23
-0.0616757 -0.129722 1.57344 -39.4529 950.137 -22918.5 552786 -1.33331e+07 3.2159e+08 -7.75666e+09 1.87089e+11 -4.51253e+12 1.08841e+14 -2.62522e+15 6.33196e+16 -1.52725e+18 3.68369e+19 -8.88496e+20 2.14303e+22 -5.16893e+23
-0.0604432 -0.143772 1.89907 -47.344 1140.41 -27507.9 663483 -1.6003e+07 3.85989e+08 -9.30995e+09 2.24554e+11 -5.41617e+12 1.30637e+14 -3.15092e+15 7.59994e+16 -1.83309e+18 4.42136e+19 -1.06642e+21 2.57218e+22 -6.20402e+23
-0.060621 -0.162048 2.28965 -56.8373 1369.3 -33028.7 796642 -1.92148e+07 4.63456e+08 -1.11784e+10 2.69621e+11 -6.50319e+12 1.56855e+14 -3.78331e+15 9.12524e+16 -2.20098e+18 5.30871e+19 -1.28045e+21 3.08841e+22 -7.44915e+23
-0.0622099 -0.185172 2.75857 -68.2584 1644.64 -39670.1 956831 -2.30785e+07 5.56648e+08 -1.34262e+10 3.23836e+11 -7.81085e+12 1.88396e+14 -4.54405e+15 1.09601e+17 -2.64356e+18 6.37619e+19 -1.53792e+21 3.70942e+22 -8.94703e+23
-0.0652606 -0.213905 3.32124 -81.9826 1975.5 -47650.4 1.14931e+06 -2.77211e+07 6.68627e+08 -1.61271e+10 3.88981e+11 -9.38213e+12 2.26294e+14 -5.45816e+15 1.31649e+17 -3.17535e+18 7.65886e+19 -1.8473e+21 4.45563e+22 -1.07469e+24
-0.0698709 -0.249227 3.99696 -98.4816 2373.23 -57243.7 1.3807e+06 -3.33022e+07 8.0324e+08 -1.93739e+10 4.67294e+11 -1.1271e+13 2.71854e+14 -6.55704e+15 1.58154e+17 -3.81464e+18 9.2008e+19 -2.21921e+21 5.35267e+22 -1.29105e+24
-0.0762016 -0.29222 4.80506 -118.231 2849.29 -68726.7 1.65767e+06 -3.99825e+07 9.64367e+08 -2.32603e+10 5.61032e+11 -1.35319e+13 3.26387e+14 -7.87237e+15 1.89879e+17 -4.57984e+18 1.10465e+20 -2.66438e+21 6.42641e+22 -1.55003e+24
-0.0845112 -0.343922 5.76018 -141.596 3412.49 -82311.2 1.98532e+06 -4.78854e+07 1.15498e+09 -2.78579e+10 6.71925e+11 -1.62067e+13 3.90901e+14 -9.42842e+15 2.27411e+17 -5.48509e+18 1.32299e+20 -3.19102e+21 7.69665e+22 -1.85641e+24
-0.097417 -0.361382 5.79626 -142.901 3443.48 -83059.3 2.00337e+06 -4.83207e+07 1.16548e+09 -2.81111e+10 6.78032e+11 -1.6354e+13 3.94453e+14 -9.51411e+15 2.29478e+17 -5.53495e+18 1.33501e+20 -3.22002e+21 7.7666e+22 -1.87328e+24
-0.114813 -0.316155 4.29051 -107.032 2577.86 -62181.2 1.49979e+06 -3.61746e+07 8.72521e+08 -2.1045e+10 5.07599e+11 -1.22432e+13 2.95302e+14 -7.1226e+15 1.71795e+17 -4.14366e+18 9.9944e+19 -2.41062e+21 5.81436e+22 -1.40241e+24
0.112342 -0.0135058 2.75622 -64.2725 1552.25 -37438.1 902999 -2.17801e+07 5.2533e+08 -1.26708e+10 3.05617e+11 -7.3714e+12 1.77796e+14 -4.2884e+15 1.03435e+17 -2.49483e+18 6.01746e+19 -1.45139e+21 3.50073e+22 -8.44366e+23
0.0952451 0.0599941 0.654105 -13.8902 336.735 -8120.4 195863 -4.72417e+06 1.13946e+08 -2.74834e+09 6.62893e+10 -1.59888e+12 3.85646e+13 -9.30167e+14 2.24354e+16 -5.41136e+17 1.30521e+19 -3.14812e+20 7.59319e+21 -1.83146e+23
0.0823758 0.10967 -0.760954 20.0613 -482.314 11634.7 -280625 6.7686e+06 -1.63257e+08 3.93771e+09 -9.49766e+10 2.29081e+12 -5.52538e+13 1.33271e+15 -3.21445e+16 7.75318e+17 -1.87005e+19 4.5105e+20 -1.08792e+22 2.62404e+23
0.0745494 0.109235 -0.894224 23.1695 -557.358 13444.7 -324282 7.82159e+06 -1.88655e+08 4.5503e+09 -1.09752e+11 2.64719e+12 -6.38495e+13 1.54003e+15 -3.71452e+16 8.95933e+17 -2.16097e+19 5.2122e+20 -1.25717e+22 3.03226e+23
0.0685998 0.112782 -1.08053 27.5946 -664.133 16020.1 -386399 9.31984e+06 -2.24792e+08 5.42192e+09 -1.30775e+11 3.15427e+12 -7.60801e+13 1.83503e+15 -4.42605e+16 1.06755e+18 -2.57491e+19 6.21061e+20 -1.49798e+22 3.61309e+23
0.0643607 0.119527 -1.30415 32.9556 -793.449 19139.2 -461630 1.11344e+07 -2.68559e+08 6.47756e+09 -1.56237e+11 3.7684e+12 -9.08928e+13 2.19231e+15 -5.2878e+16 1.2754e+18 -3.07624e+19 7.4198e+20 -1.78964e+22 4.31656e+23
0.0616757 0.129722 -1.57344 39.4529 -950.137 22918.5 -552786 1.33331e+07 -3.2159e+08 7.75666e+09 -1.87089e+11 4.51253e+12 -1.08841e+14 2.62522e+15 -6.33196e+16 1.52725e+18 -3.68369e+19 8.88496e+20 -2.14303e+22 5.16893e+23
0.0604432 0.143772 -1.89907 47.344 -1140.41 27507.9 -663483 1.6003e+07 -3.85989e+08 9.30995e+09 -2.24554e+11 5.41617e+12 -1.30637e+14 3.15092e+15 -7.59994e+16 1.83309e+18 -4.42136e+19 1.06642e+21 -2.57218e+22 6.20402e+23
0.060621 0.162048 -2.28965 56.8373 -1369.3 33028.7 -796642 1.92148e+07 -4.63456e+08 1.11784e+10 -2.69621e+11 6.50319e+12 -1.56855e+14 3.78331e+15 -9.12524e+16 2.20098e+18 -5.30871e+19 1.28045e+21 -3.08841e+22 7.44915e+23
0.0622099 0.185172 -2.75857 68.2584 -1644.64 39670.1 -956831 2.30785e+07 -5.56648e+08 1.34262e+10 -3.23836e+11 7.81085e+12 -1.88396e+14 4.54405e+15 -1.09601e+17 2.64356e+18 -6.37619e+19 1.53792e+21 -3.70942e+22 8.94703e+23
0.0652606 0.213905 -3.32124 81.9826 -1975.5 47650.4 -1.14931e+06 2.77211e+07 -6.68627e+08 1.61271e+10 -3.88981e+11 9.38213e+12 -2.26294e+14 5.45816e+15 -1.31649e+17 3.17535e+18 -7.65886e+19 1.8473e+21 -4.45563e+22 1.07469e+24
0.0698709 0.249227 -3.99696 98.4816 -2373.23 57243.7 -1.3807e+06 3.33022e+07 -8.0324e+08 1.93739e+10 -4.67294e+11 1.1271e+13 -2.71854e+14 6.55704e+15 -1.58154e+17 3.81464e+18 -9.2008e+19 2.21921e+21 -5.35267e+22 1.29105e+24
0.0762016 0.29222 -4.80506 118.231 -2849.29 68726.7 -1.65767e+06 3.99825e+07 -9.64367e+08 2.32603e+10 -5.61032e+11 1.35319e+13 -3.26387e+14 7.87237e+15 -1.89879e+17 4.57984e+18 -1.10465e+20 2.66438e+21 -6.42641e+22 1.55003e+24
0.0845112 0.343922 -5.76018 141.596 -3412.49 82311.2 -1.98532e+06 4.78854e+07 -1.15498e+09 2.78579e+10 -6.71925e+11 1.62067e+13 -3.90901e+14 9.42842e+15 -2.27411e+17 5.48509e+18 -1.32299e+20 3.19102e+21 -7.69665e+22 1.85641e+24
0.097417 0.361382 -5.79626 142.901 -3443.48 83059.3 -2.00337e+06 4.83207e+07 -1.16548e+09 2.81111e+10 -6.78032e+11 1.6354e+13 -3.94453e+14 9.51411e+15 -2.29478e+17 5.53495e+18 -1.33501e+20 3.22002e+21 -7.7666e+22 1.87328e+24
0.114813 0.316155 -4.29051 107.032 -2577.86 62181.2 -1.49979e+06 3.61746e+07 -8.72521e+08 2.1045e+10 -5.07599e+11 1.22432e+13 -2.95302e+14 7.1226e+15 -1.71795e+17 4.14366e+18 -9.9944e+19 2.41062e+21 -5.81436e+22 1.40241e+24
-0.112342 0.0135058 -2.75622 64.2725 -1552.25 37438.1 -902999 2.17801e+07 -5.2533e+08 1.26708e+10 -3.05617e+11 7.3714e+12 -1.77796e+14 4.2884e+15 -1.03435e+17 2.49483e+18 -6.01746e+19 1.45139e+21 -3.50073e+22 8.44366e+23
-0.0952451 -0.0599941 -0.654105 13.8902 -336.735 8120.4 -195863 4.72417e+06 -1.13946e+08 2.74834e+09 -6.62893e+10 1.59888e+12 -3.85646e+13 9.30167e+14 -2.24354e+16 5.41136e+17 -1.30521e+19 3.14812e+20 -7.59319e+21 1.83146e+23
-0.0823758 -0.10967 0.760954 -20.0613 482.314 -11634.7 280625 -6.7686e+06 1.63257e+08 -3.93771e+09 9.49766e+10 -2.29081e+12 5.52538e+13 -1.33271e+15 3.21445e+16 -7.75318e+17 1.87005e+19 -4.5105e+20 1.08792e+22 -2.62404e+23
-0.0745494 -0.109235 0.894224 -23.1695 557.358 -13444.7 324282 -7.82159e+06 1.88655e+08 -4.5503e+09 1.09752e+11 -2.64719e+12 6.38495e+13 -1.54003e+15 3.71452e+16 -8.95933e+17 2.16097e+19 -5.2122e+20 1.25717e+22 -3.03226e+23
-0.0685998 -0.112782 1.08053 -27.5946 664.133 -16020.1 386399 -9.31984e+06 2.24792e+08 -5.42192e+09 1.30775e+11 -3.15427e+12 7.60801e+13 -1.83503e+15 4.42605e+16 -1.06755e+18 2.57491e+19 -6.21061e+20 1.49798e+22 -3.61309e+23
-0.0643607 -0.119527 1.30415 -32.9556 793.449 -19139.2 461630 -1.11344e+07 2.68559e+08 -6.47756e+09 1.56237e+11 -3.7684e+12 9.08928e+13 -2.19231e+15 5.2878e+16 -1.2754e+18 3.07624e+19 -7.4198e+20 1.78964e+22 -4.31656e+23
-0.0616757 -0.129722 1.57344 -39.4529 950.137 -22918.5 552786 -1.33331e+07 3.2159e+08 -7.75666e+09 1.87089e+11 -4.51253e+12 1.08841e+14 -2.62522e+15 6.33196e+16 -1.52725e+18 3.68369e+19 -8.88496e+20 2.14303e+22 -5.16893e+23
-0.0604432 -0.143772 1.89907 -47.344 1140.41 -27507.9 663483 -1.6003e+07 3.85989e+08 -9.30995e+09 2.24554e+11 -5.41617e+12 1.30637e+14 -3.15092e+15 7.59994e+16 -1.83309e+18 4.42136e+19 -1.06642e+21 2.57218e+22 -6.20402e+23
-0.060621 -0.162048 2.28965 -56.8373 1369.3 -33028.7 796642 -1.92148e+07 4.63456e+08 -1.11784e+10 2.69621e+11 -6.50319e+12 1.56855e+14 -3.78331e+15 9.12524e+16 -2.20098e+18 5.30871e+19 -1.28045e+21 3.08841e+22 -7.44915e+23
-0.0622099 -0.185172 2.75857 -68.2584 1644.64 -39670.1 956831 -2.30785e+07 5.56648e+08 -1.34262e+10 3.23836e+11 -7.81085e+12 1.88396e+14 -4.54405e+15 1.09601e+17 -2.64356e+18 6.37619e+19 -1.53792e+21 3.70942e+22 -8.94703e+23
-0.0652606 -0.213905 3.32124 -81.9826 1975.5 -47650.4 1.14931e+06 -2.77211e+07 6.68627e+08 -1.61271e+10 3.88981e+11 -9.38213e+12 2.26294e+14 -5.45816e+15 1.31649e+17 -3.17535e+18 7.65886e+19 -1.8473e+21 4.45563e+22 -1.07469e+24
-0.0698709 -0.249227 3.99696 -98.4816 2373.23 -57243.7 1.3807e+06 -3.33022e+07 8.0324e+08 -1.93739e+10 4.67294e+11 -1.1271e+13 2.71854e+14 -6.55704e+15 1.58154e+17 -3.81464e+18 9.2008e+19 -2.21921e+21 5.35267e+22 -1.29105e+24
-0.0762016 -0.29222 4.80506 -118.231 2849.29 -68726.7 1.65767e+06 -3.99825e+07 9.64367e+08 -2.32603e+10 5.61032e+11 -1.35319e+13 3.26387e+14 -7.87237e+15 1.89879e+17 -4.57984e+18 1.10465e+20 -2.66438e+21 6.42641e+22 -1.55003e+24
-0.0845112 -0.343922 5.76018 -141.596 3412.49 -82311.2 1.98532e+06 -4.78854e+07 1.15498e+09 -2.78579e+10 6.71925e+11 -1.62067e+13 3.90901e+14 -9.42842e+15 2.27411e+17 -5.48509e+18 1.32299e+20 -3.19102e+21 7.69665e+22 -1.85641e+24
-0.097417 -0.361382 5.79626 -142.901 3443.48 -83059.3 2.00337e+06 -4.83207e+07 1.16548e+09 -2.81111e+10 6.78032e+11 -1.6354e+13 3.94453e+14 -9.51411e+15 2.29478e+17 -5.53495e+18 1.33501e+20 -3.22002e+21 7.7666e+22 -1.87328e+24
-0.114813 -0.316155 4.29051 -107.032 2577.86 -62181.2 1.49979e+06 -3.61746e+07 8.72521e+08 -2.1045e+10 5.07599e+11 -1.22432e+13 2.95302e+14 -7.1226e+15 1.71795e+17 -4.14366e+18 9.9944e+19 -2.41062e+21 5.81436e+22 -1.40241e+24
0.112342 -0.0135058 2.75622 -64.2725 1552.25 -37438.1 902999 -2.17801e+07 5.2533e+08 -1.26708e+10 3.05617e+11 -7.3714e+12 1.77796e+14 -4.2884e+15 1.03435e+17 -2.49483e+18 6.01746e+19 -1.45139e+21 3.50073e+22 -8.44366e+23
0.0952451 0.0599941 0.654105 -13.8902 336.735 -8120.4 195863 -4.72417e+06 1.13946e+08 -2.74834e+09 6.62893e+10 -1.59888e+12 3.85646e+13 -9.30167e+14 2.24354e+16 -5.41136e+17 1.30521e+19 -3.14812e+20 7.59319e+21 -1.83146e+23
0.0823758 0.10967 -0.760954 20.0613 -482.314 11634.7 -280625 6.7686e+06 -1.63257e+08 3.93771e+09 -9.49766e+10 2.29081e+12 -5.52538e+13 1.33271e+15 -3.21445e+16 7.75318e+17 -1.87005e+19 4.5105e+20 -1.08792e+22 2.62404e+23
0.0745494 0.109235 -0.894224 23.1695 -557.358 13444.7 -324282 7.82159e+06 -1.88655e+08 4.5503e+09 -1.09752e+11 2.64719e+12 -6.38495e+13 1.54003e+15 -3.71452e+16 8.95933e+17 -2.16097e+19 5.2122e+20 -1.25717e+22 3.03226e+23
0.0685998 0.112782 -1.08053 27.5946 -664.133 16020.1 -386399 9.31984e+06 -2.24792e+08 5.42192e+09 -1.30775e+11 3.15427e+12 -7.60801e+13 1.83503e+15 -4.42605e+16 1.06755e+18 -2.57491e+19 6.21061e+20 -1.49798e+22 3.61309e+23
0.0643607 0.119527 -1.30415 32.9556 -793.449 19139.2 -461630 1.11344e+07 -2.68559e+08 6.47756e+09 -1.56237e+11 3.7684e+12 -9.08928e+13 2.19231e+15 -5.2878e+16 1.2754e+18 -3.07624e+19 7.4198e+20 -1.78964e+22 4.31656e+23
0.0616757 0.129722 -1.57344 39.4529 -950.137 22918.5 -552786 1.33331e+07 -3.2159e+08 7.75666e+09 -1.87089e+11 4.51253e+12 -1.08841e+14 2.62522e+15 -6.33196e+16 1.52725e+18 -3.68369e+19 8.88496e+20 -2.14303e+22 5.16893e+23
0.0604432 0.143772 -1.89907 47.344 -1140.41 27507.9 -663483 1.6003e+07 -3.85989e+08 9.30995e+09 -2.24554e+11 5.41617e+12 -1.30637e+14 3.15092e+15 -7.59994e+16 1.83309e+18 -4.42136e+19 1.06642e+21 -2.57218e+22 6.20402e+23
0.060621 0.162048 -2.28965 56.8373 -1369.3 33028.7 -796642 1.92148e+07 -4.63456e+08 1.11784e+10 -2.69621e+11 6.50319e+12 -1.56855e+14 3.78331e+15 -9.12524e+16 2.20098e+18 -5.30871e+19 1.28045e+21 -3.08841e+22 7.44915e+23
0.0622099 0.185172 -2.75857 68.2584 -1644.64 39670.1 -956831 2.30785e+07 -5.56648e+08 1.34262e+10 -3.23836e+11 7.81085e+12 -1.88396e+14 4.54405e+15 -1.09601e+17 2.64356e+18 -6.37619e+19 1.53792e+21 -3.70942e+22 8.94703e+23
0.0652606 0.213905 -3.32124 81.9826 -1975.5 47650.4 -1.14931e+06 2.77211e+07 -6.68627e+08 1.61271e+10 -3.88981e+11 9.38213e+12 -2.26294e+14 5.45816e+15 -1.31649e+17 3.17535e+18 -7.65886e+19 1.8473e+21 -4.45563e+22 1.07469e+24
0.0698709 0.249227 -3.99696 98.4816 -2373.23 57243.7 -1.3807e+06 3.33022e+07 -8.0324e+08 1.93739e+10 -4.67294e+11 1.1271e+13 -2.71854e+14 6.55704e+15 -1.58154e+17 3.81464e+18 -9.2008e+19 2.21921e+21 -5.35267e+22 1.29105e+24
0.0762016 0.29222 -4.80506 118.231 -2849.29 68726.7 -1.65767e+06 3.99825e+07 -9.64367e+08 2.32603e+10 -5.61032e+11 1.35319e+13 -3.26387e+14 7.87237e+15 -1.89879e+17 4.57984e+18 -1.10465e+20 2.66438e+21 -6.42641e+22 1.55003e+24
0.0845112 0.343922 -5.76018 141.596 -3412.49 82311.2 -1.98532e+06 4.78854e+07 -1.15498e+09 2.78579e+10 -6.71925e+11 1.62067e+13 -3.90901e+14 9.42842e+15 -2.27411e+17 5.48509e+18 -1.32299e+20 3.19102e+21 -7.69665e+22 1.85641e+24
0.097417 0.361382 -5.79626 142.901 -3443.48 83059.3 -2.00337e+06 4.83207e+07 -1.16548e+09 2.81111e+10 -6.78032e+11 1.6354e+13 -3.94453e+14 9.51411e+15 -2.29478e+17 5.53495e+18 -1.33501e+20 3.22002e+21 -7.7666e+22 1.87328e+24
0.114813 0.316155 -4.29051 107.032 -2577.86 62181.2 -1.49979e+06 3.61746e+07 -8.72521e+08 2.1045e+10 -5.07599e+11 1.22432e+13 -2.95302e+14 7.1226e+15 -1.71795e+17 4.14366e+18 -9.9944e+19 2.41062e+21 -5.81436e+22 1.40241e+24
-0.112342 0.0135058 -2.75622 64.2725 -1552.25 37438.1 -902999 2.17801e+07 -5.2533e+08 1.26708e+10 -3.05617e+11 7.3714e+12 -1.77796e+14 4.2884e+15 -1.03435e+17 2.49483e+18 -6.01746e+19 1.45139e+21 -3.50073e+22 8.44366e+23
-0.0952451 -0.0599941 -0.654105 13.8902 -336.735 8120.4 -195863 4.72417e+06 -1.13946e+08 2.74834e+09 -6.62893e+10 1.59888e+12 -3.85646e+13 9.30167e+14 -2.24354e+16 5.41136e+17 -1.30521e+19 3.14812e+20 -7.59319e+21 1.83146e+23
-0.0823758 -0.10967 0.760954 -20.0613 482.314 -11634.7 280625 -6.7686e+06 1.63257e+08 -3.93771e+09 9.49766e+10 -2.29081e+12 5.52538e+13 -1.33271e+15 3.21445e+16 -7.75318e+17 1.87005e+19 -4.5105e+20 1.08792e+22 -2.62404e+23
-0.0745494 -0.109235 0.894224 -23.1695 557.358 -13444.7 324282 -7.82159e+06 1.88655e+08 -4.5503e+09 1.09752e+11 -2.64719e+12 6.38495e+13 -1.54003e+15 3.71452e+16 -8.95933e+17 2.16097e+19 -5.2122e+20 1.25717e+22 -3.03226e+23
-0.0685998 -0.112782 1.08053 -27.5946 664.133 -16020.1 386399 -9.31984e+06 2.24792e+08 -5.42192e+09 1.30775e+11 -3.15427e+12 7.60801e+13 -1.83503e+15 4.42605e+16 -1.06755e+18 2.57491e+19 -6.21061e+20 1.49798e+22 -3.61309e+23
-0.0643607 -0.119527 1.30415 -32.9556 793.449 -19139.2 461630 -1.11344e+07 2.68559e+08 -6.47756e+09 1.56237e+11 -3.7684e+12 9.08928e+13 -2.19231e+15 5.2878e+16 -1.2754e+18 3.07624e+19 -7.4198e+20 1.78964e+22 -4.31656e+23
-0.0616757 -0.129722 1.57344 -39.4529 950.137 -22918.5 552786 -1.33331e+07 3.2159e+08 -7.75666e+09 1.87089e+11 -4.51253e+12 1.08841e+14 -2.62522e+15 6.33196e+16 -1.52725e+18 3.68369e+19 -8.88496e+20 2.14303e+22 -5.16893e+23
-0.0604432 -0.143772 1.89907 -47.344 1140.41 -27507.9 663483 -1.6003e+07 3.85989e+08 -9.30995e+09 2.24554e+11 -5.41617e+12 1.30637e+14 -3.15092e+15 7.59994e+16 -1.83309e+18 4.42136e+19 -1.06642e+21 2.57218e+22 -6.20402e+23
-0.060621 -0.162048 2.28965 -56.8373 1369.3 -33028.7 796642 -1.92148e+07 4.63456e+08 -1.11784e+10 2.69621e+11 -6.50319e+12 1.56855e+14 -3.78331e+15 9.12524e+16 -2.20098e+18 5.30871e+19 -1.28045e+21 3.08841e+22 -7.44915e+23
-0.0622099 -0.185172 2.75857 -68.2584 1644.64 -39670.1 956831 -2.30785e+07 5.56648e+08 -1.34262e+10 3.23836e+11 -7.81085e+12 1.88396e+14 -4.54405e+15 1.09601e+17 -2.64356e+18 6.37619e+19 -1.53792e+21 3.70942e+22 -8.94703e+23
-0.0652606 -0.213905 3.32124 -81.9826 1975.5 -47650.4 1.14931e+06 -2.77211e+07 6.68627e+08 -1.61271e+10 3.88981e+11 -9.38213e+12 2.26294e+14 -5.45816e+15 1.31649e+17 -3.17535e+18 7.65886e+19 -1.8473e+21 4.45563e+22 -1.07469e+24
-0.0698709 -0.249227 3.99696 -98.4816 2373.23 -57243.7 1.3807e+06 -3.33022e+07 8.0324e+08 -1.93739e+10 4.67294e+11 -1.1271e+13 2.71854e+14 -6.55704e+15 1.58154e+17 -3.81464e+18 9.2008e+19 -2.21921e+21 5.35267e+22 -1.29105e+24
-0.0762016 -0.29222 4.80506 -118.231 2849.29 -68726.7 1.65767e+06 -3.99825e+07 9.64367e+08 -2.32603e+10 5.61032e+11 -1.35319e+13 3.26387e+14 -7.87237e+15 1.89879e+17 -4.57984e+18 1.10465e+20 -2.66438e+21 6.42641e+22 -1.55003e+24
-0.0845112 -0.343922 5.76018 -141.596 3412.49 -82311.2 1.98532e+06 -4.78854e+07 1.15498e+09 -2.78579e+10 6.71925e+11 -1.62067e+13 3.90901e+14 -9.42842e+15 2.27411e+17 -5.48509e+18 1.32299e+20 -3.19102e+21 7.69665e+22 -1.85641e+24
-0.097417 -0.361382 5.79626 -142.901 3443.48 -83059.3 2.00337e+06 -4.83207e+07 1.16548e+09 -2.81111e+10 6.78032e+11 -1.6354e+13 3.94453e+14 -9.51411e+15 2.29478e+17 -5.53495e+18 1.33501e+20 -3.22002e+21 7.7666e+22 -1.87328e+24
-0.114813 -0.316155 4.29051 -107.032 2577.86 -62181.2 1.49979e+06 -3.61746e+07 8.72521e+08 -2.1045e+10 5.07599e+11 -1.22432e+13 2.95302e+14 -7.1226e+15 1.71795e+17 -4.14366e+18 9.9944e+19 -2.41062e+21 5.81436e+22 -1.40241e+24
0.112342 -0.0135058 2.75622 -64.2725 1552.25 -37438.1 902999 -2.17801e+07 5.2533e+08 -1.26708e+10 3.05617e+11 -7.3714e+12 1.77796e+14 -4.2884e+15 1.03435e+17 -2.49483e+18 6.01746e+19 -1.45139e+21 3.50073e+22 -8.44366e+23
0.0952451 0.0599941 0.654105 -13.8902 336.735 -8120.4 195863 -4.72417e+06 1.13946e+08 -2.74834e+09 6.62893e+10 -1.59888e+12 3.85646e+13 -9.30167e+14 2.24354e+16 -5.41136e+17 1.30521e+19 -3.14812e+20 7.59319e+21 -1.83146e+23
0.0823758 0.10967 -0.760954 20.0613 -482.314 11634.7 -280625 6.7686e+06 -1.63257e+08 3.93771e+09 -9.49766e+10 2.29081e+12 -5.52538e+13 1.33271e+15 -3.21445e+16 7.75318e+17 -1.87005e+19 4.5105e+20 -1.08792e+22 2.62404e+23
0.0745494 0.109235 -0.894224 23.1695 -557.358 13444.7 -324282 7.82159e+06 -1.88655e+08 4.5503e+09 -1.09752e+11 2.64719e+12 -6.38495e+13 1.54003e+15 -3.71452e+16 8.95933e+17 -2.16097e+19 5.2122e+20 -1.25717e+22 3.03226e+23
0.0685998 0.112782 -1.08053 27.5946 -664.133 16020.1 -386399 9.31984e+06 -2.24792e+08 5.42192e+09 -1.30775e+11 3.15427e+12 -7.60801e+13 1.83503e+15 -4.42605e+16 1.06755e+18 -2.57491e+19 6.21061e+20 -1.49798e+22 3.61309e+23
0.0643607 0.119527 -1.30415 32.9556 -793.449 19139.2 -461630 1.11344e+07 -2.68559e+08 6.47756e+09 -1.56237e+11 3.7684e+12 -9.08928e+13 2.19231e+15 -5.2878e+16 1.2754e+18 -3.07624e+19 7.4198e+20 -1.78964e+22 4.31656e+23
0.0616757 0.129722 -1.57344 39.4529 -950.137 22918.5 -552786 1.33331e+07 -3.2159e+08 7.75666e+09 -1.87089e+11 4.51253e+12 -1.08841e+14 2.62522e+15 -6.33196e+16 1.52725e+18 -3.68369e+19 8.88496e+20 -2.14303e+22 5.16893e+23
